1000
24001 24003
24004 24006
24007 24009
24010 24012
24013 24015
24016 24018
24019 24021
24022 24024
24025 24027
24028 24030
24031 24033
24034 24036
24037 24039
24040 24042
24043 24045
24046 24048
24049 24051
24052 24054
24055 24057
24058 24060
24061 24063
24064 24066
24067 24069
24070 24072
24073 24075
24076 24078
24079 24081
24082 24084
24085 24087
24088 24090
24091 24093
24094 24096
24097 24099
24100 24102
24103 24105
24106 24108
24109 24111
24112 24114
24115 24117
24118 24120
24121 24123
24124 24126
24127 24129
24130 24132
24133 24135
24136 24138
24139 24141
24142 24144
24145 24147
24148 24150
24151 24153
24154 24156
24157 24159
24160 24162
24163 24165
24166 24168
24169 24171
24172 24174
24175 24177
24178 24180
24181 24183
24184 24186
24187 24189
24190 24192
24193 24195
24196 24198
24199 24201
24202 24204
24205 24207
24208 24210
24211 24213
24214 24216
24217 24219
24220 24222
24223 24225
24226 24228
24229 24231
24232 24234
24235 24237
24238 24240
24241 24243
24244 24246
24247 24249
24250 24252
24253 24255
24256 24258
24259 24261
24262 24264
24265 24267
24268 24270
24271 24273
24274 24276
24277 24279
24280 24282
24283 24285
24286 24288
24289 24291
24292 24294
24295 24297
24298 24300
24301 24303
24304 24306
24307 24309
24310 24312
24313 24315
24316 24318
24319 24321
24322 24324
24325 24327
24328 24330
24331 24333
24334 24336
24337 24339
24340 24342
24343 24345
24346 24348
24349 24351
24352 24354
24355 24357
24358 24360
24361 24363
24364 24366
24367 24369
24370 24372
24373 24375
24376 24378
24379 24381
24382 24384
24385 24387
24388 24390
24391 24393
24394 24396
24397 24399
24400 24402
24403 24405
24406 24408
24409 24411
24412 24414
24415 24417
24418 24420
24421 24423
24424 24426
24427 24429
24430 24432
24433 24435
24436 24438
24439 24441
24442 24444
24445 24447
24448 24450
24451 24453
24454 24456
24457 24459
24460 24462
24463 24465
24466 24468
24469 24471
24472 24474
24475 24477
24478 24480
24481 24483
24484 24486
24487 24489
24490 24492
24493 24495
24496 24498
24499 24501
24502 24504
24505 24507
24508 24510
24511 24513
24514 24516
24517 24519
24520 24522
24523 24525
24526 24528
24529 24531
24532 24534
24535 24537
24538 24540
24541 24543
24544 24546
24547 24549
24550 24552
24553 24555
24556 24558
24559 24561
24562 24564
24565 24567
24568 24570
24571 24573
24574 24576
24577 24579
24580 24582
24583 24585
24586 24588
24589 24591
24592 24594
24595 24597
24598 24600
24601 24603
24604 24606
24607 24609
24610 24612
24613 24615
24616 24618
24619 24621
24622 24624
24625 24627
24628 24630
24631 24633
24634 24636
24637 24639
24640 24642
24643 24645
24646 24648
24649 24651
24652 24654
24655 24657
24658 24660
24661 24663
24664 24666
24667 24669
24670 24672
24673 24675
24676 24678
24679 24681
24682 24684
24685 24687
24688 24690
24691 24693
24694 24696
24697 24699
24700 24702
24703 24705
24706 24708
24709 24711
24712 24714
24715 24717
24718 24720
24721 24723
24724 24726
24727 24729
24730 24732
24733 24735
24736 24738
24739 24741
24742 24744
24745 24747
24748 24750
24751 24753
24754 24756
24757 24759
24760 24762
24763 24765
24766 24768
24769 24771
24772 24774
24775 24777
24778 24780
24781 24783
24784 24786
24787 24789
24790 24792
24793 24795
24796 24798
24799 24801
24802 24804
24805 24807
24808 24810
24811 24813
24814 24816
24817 24819
24820 24822
24823 24825
24826 24828
24829 24831
24832 24834
24835 24837
24838 24840
24841 24843
24844 24846
24847 24849
24850 24852
24853 24855
24856 24858
24859 24861
24862 24864
24865 24867
24868 24870
24871 24873
24874 24876
24877 24879
24880 24882
24883 24885
24886 24888
24889 24891
24892 24894
24895 24897
24898 24900
24901 24903
24904 24906
24907 24909
24910 24912
24913 24915
24916 24918
24919 24921
24922 24924
24925 24927
24928 24930
24931 24933
24934 24936
24937 24939
24940 24942
24943 24945
24946 24948
24949 24951
24952 24954
24955 24957
24958 24960
24961 24963
24964 24966
24967 24969
24970 24972
24973 24975
24976 24978
24979 24981
24982 24984
24985 24987
24988 24990
24991 24993
24994 24996
24997 24999
25000 25002
25003 25005
25006 25008
25009 25011
25012 25014
25015 25017
25018 25020
25021 25023
25024 25026
25027 25029
25030 25032
25033 25035
25036 25038
25039 25041
25042 25044
25045 25047
25048 25050
25051 25053
25054 25056
25057 25059
25060 25062
25063 25065
25066 25068
25069 25071
25072 25074
25075 25077
25078 25080
25081 25083
25084 25086
25087 25089
25090 25092
25093 25095
25096 25098
25099 25101
25102 25104
25105 25107
25108 25110
25111 25113
25114 25116
25117 25119
25120 25122
25123 25125
25126 25128
25129 25131
25132 25134
25135 25137
25138 25140
25141 25143
25144 25146
25147 25149
25150 25152
25153 25155
25156 25158
25159 25161
25162 25164
25165 25167
25168 25170
25171 25173
25174 25176
25177 25179
25180 25182
25183 25185
25186 25188
25189 25191
25192 25194
25195 25197
25198 25200
25201 25203
25204 25206
25207 25209
25210 25212
25213 25215
25216 25218
25219 25221
25222 25224
25225 25227
25228 25230
25231 25233
25234 25236
25237 25239
25240 25242
25243 25245
25246 25248
25249 25251
25252 25254
25255 25257
25258 25260
25261 25263
25264 25266
25267 25269
25270 25272
25273 25275
25276 25278
25279 25281
25282 25284
25285 25287
25288 25290
25291 25293
25294 25296
25297 25299
25300 25302
25303 25305
25306 25308
25309 25311
25312 25314
25315 25317
25318 25320
25321 25323
25324 25326
25327 25329
25330 25332
25333 25335
25336 25338
25339 25341
25342 25344
25345 25347
25348 25350
25351 25353
25354 25356
25357 25359
25360 25362
25363 25365
25366 25368
25369 25371
25372 25374
25375 25377
25378 25380
25381 25383
25384 25386
25387 25389
25390 25392
25393 25395
25396 25398
25399 25401
25402 25404
25405 25407
25408 25410
25411 25413
25414 25416
25417 25419
25420 25422
25423 25425
25426 25428
25429 25431
25432 25434
25435 25437
25438 25440
25441 25443
25444 25446
25447 25449
25450 25452
25453 25455
25456 25458
25459 25461
25462 25464
25465 25467
25468 25470
25471 25473
25474 25476
25477 25479
25480 25482
25483 25485
25486 25488
25489 25491
25492 25494
25495 25497
25498 25500
25501 25503
25504 25506
25507 25509
25510 25512
25513 25515
25516 25518
25519 25521
25522 25524
25525 25527
25528 25530
25531 25533
25534 25536
25537 25539
25540 25542
25543 25545
25546 25548
25549 25551
25552 25554
25555 25557
25558 25560
25561 25563
25564 25566
25567 25569
25570 25572
25573 25575
25576 25578
25579 25581
25582 25584
25585 25587
25588 25590
25591 25593
25594 25596
25597 25599
25600 25602
25603 25605
25606 25608
25609 25611
25612 25614
25615 25617
25618 25620
25621 25623
25624 25626
25627 25629
25630 25632
25633 25635
25636 25638
25639 25641
25642 25644
25645 25647
25648 25650
25651 25653
25654 25656
25657 25659
25660 25662
25663 25665
25666 25668
25669 25671
25672 25674
25675 25677
25678 25680
25681 25683
25684 25686
25687 25689
25690 25692
25693 25695
25696 25698
25699 25701
25702 25704
25705 25707
25708 25710
25711 25713
25714 25716
25717 25719
25720 25722
25723 25725
25726 25728
25729 25731
25732 25734
25735 25737
25738 25740
25741 25743
25744 25746
25747 25749
25750 25752
25753 25755
25756 25758
25759 25761
25762 25764
25765 25767
25768 25770
25771 25773
25774 25776
25777 25779
25780 25782
25783 25785
25786 25788
25789 25791
25792 25794
25795 25797
25798 25800
25801 25803
25804 25806
25807 25809
25810 25812
25813 25815
25816 25818
25819 25821
25822 25824
25825 25827
25828 25830
25831 25833
25834 25836
25837 25839
25840 25842
25843 25845
25846 25848
25849 25851
25852 25854
25855 25857
25858 25860
25861 25863
25864 25866
25867 25869
25870 25872
25873 25875
25876 25878
25879 25881
25882 25884
25885 25887
25888 25890
25891 25893
25894 25896
25897 25899
25900 25902
25903 25905
25906 25908
25909 25911
25912 25914
25915 25917
25918 25920
25921 25923
25924 25926
25927 25929
25930 25932
25933 25935
25936 25938
25939 25941
25942 25944
25945 25947
25948 25950
25951 25953
25954 25956
25957 25959
25960 25962
25963 25965
25966 25968
25969 25971
25972 25974
25975 25977
25978 25980
25981 25983
25984 25986
25987 25989
25990 25992
25993 25995
25996 25998
25999 26001
26002 26004
26005 26007
26008 26010
26011 26013
26014 26016
26017 26019
26020 26022
26023 26025
26026 26028
26029 26031
26032 26034
26035 26037
26038 26040
26041 26043
26044 26046
26047 26049
26050 26052
26053 26055
26056 26058
26059 26061
26062 26064
26065 26067
26068 26070
26071 26073
26074 26076
26077 26079
26080 26082
26083 26085
26086 26088
26089 26091
26092 26094
26095 26097
26098 26100
26101 26103
26104 26106
26107 26109
26110 26112
26113 26115
26116 26118
26119 26121
26122 26124
26125 26127
26128 26130
26131 26133
26134 26136
26137 26139
26140 26142
26143 26145
26146 26148
26149 26151
26152 26154
26155 26157
26158 26160
26161 26163
26164 26166
26167 26169
26170 26172
26173 26175
26176 26178
26179 26181
26182 26184
26185 26187
26188 26190
26191 26193
26194 26196
26197 26199
26200 26202
26203 26205
26206 26208
26209 26211
26212 26214
26215 26217
26218 26220
26221 26223
26224 26226
26227 26229
26230 26232
26233 26235
26236 26238
26239 26241
26242 26244
26245 26247
26248 26250
26251 26253
26254 26256
26257 26259
26260 26262
26263 26265
26266 26268
26269 26271
26272 26274
26275 26277
26278 26280
26281 26283
26284 26286
26287 26289
26290 26292
26293 26295
26296 26298
26299 26301
26302 26304
26305 26307
26308 26310
26311 26313
26314 26316
26317 26319
26320 26322
26323 26325
26326 26328
26329 26331
26332 26334
26335 26337
26338 26340
26341 26343
26344 26346
26347 26349
26350 26352
26353 26355
26356 26358
26359 26361
26362 26364
26365 26367
26368 26370
26371 26373
26374 26376
26377 26379
26380 26382
26383 26385
26386 26388
26389 26391
26392 26394
26395 26397
26398 26400
26401 26403
26404 26406
26407 26409
26410 26412
26413 26415
26416 26418
26419 26421
26422 26424
26425 26427
26428 26430
26431 26433
26434 26436
26437 26439
26440 26442
26443 26445
26446 26448
26449 26451
26452 26454
26455 26457
26458 26460
26461 26463
26464 26466
26467 26469
26470 26472
26473 26475
26476 26478
26479 26481
26482 26484
26485 26487
26488 26490
26491 26493
26494 26496
26497 26499
26500 26502
26503 26505
26506 26508
26509 26511
26512 26514
26515 26517
26518 26520
26521 26523
26524 26526
26527 26529
26530 26532
26533 26535
26536 26538
26539 26541
26542 26544
26545 26547
26548 26550
26551 26553
26554 26556
26557 26559
26560 26562
26563 26565
26566 26568
26569 26571
26572 26574
26575 26577
26578 26580
26581 26583
26584 26586
26587 26589
26590 26592
26593 26595
26596 26598
26599 26601
26602 26604
26605 26607
26608 26610
26611 26613
26614 26616
26617 26619
26620 26622
26623 26625
26626 26628
26629 26631
26632 26634
26635 26637
26638 26640
26641 26643
26644 26646
26647 26649
26650 26652
26653 26655
26656 26658
26659 26661
26662 26664
26665 26667
26668 26670
26671 26673
26674 26676
26677 26679
26680 26682
26683 26685
26686 26688
26689 26691
26692 26694
26695 26697
26698 26700
26701 26703
26704 26706
26707 26709
26710 26712
26713 26715
26716 26718
26719 26721
26722 26724
26725 26727
26728 26730
26731 26733
26734 26736
26737 26739
26740 26742
26743 26745
26746 26748
26749 26751
26752 26754
26755 26757
26758 26760
26761 26763
26764 26766
26767 26769
26770 26772
26773 26775
26776 26778
26779 26781
26782 26784
26785 26787
26788 26790
26791 26793
26794 26796
26797 26799
26800 26802
26803 26805
26806 26808
26809 26811
26812 26814
26815 26817
26818 26820
26821 26823
26824 26826
26827 26829
26830 26832
26833 26835
26836 26838
26839 26841
26842 26844
26845 26847
26848 26850
26851 26853
26854 26856
26857 26859
26860 26862
26863 26865
26866 26868
26869 26871
26872 26874
26875 26877
26878 26880
26881 26883
26884 26886
26887 26889
26890 26892
26893 26895
26896 26898
26899 26901
26902 26904
26905 26907
26908 26910
26911 26913
26914 26916
26917 26919
26920 26922
26923 26925
26926 26928
26929 26931
26932 26934
26935 26937
26938 26940
26941 26943
26944 26946
26947 26949
26950 26952
26953 26955
26956 26958
26959 26961
26962 26964
26965 26967
26968 26970
26971 26973
26974 26976
26977 26979
26980 26982
26983 26985
26986 26988
26989 26991
26992 26994
26995 26997
26998 27000
