1000
18001 18003
18004 18006
18007 18009
18010 18012
18013 18015
18016 18018
18019 18021
18022 18024
18025 18027
18028 18030
18031 18033
18034 18036
18037 18039
18040 18042
18043 18045
18046 18048
18049 18051
18052 18054
18055 18057
18058 18060
18061 18063
18064 18066
18067 18069
18070 18072
18073 18075
18076 18078
18079 18081
18082 18084
18085 18087
18088 18090
18091 18093
18094 18096
18097 18099
18100 18102
18103 18105
18106 18108
18109 18111
18112 18114
18115 18117
18118 18120
18121 18123
18124 18126
18127 18129
18130 18132
18133 18135
18136 18138
18139 18141
18142 18144
18145 18147
18148 18150
18151 18153
18154 18156
18157 18159
18160 18162
18163 18165
18166 18168
18169 18171
18172 18174
18175 18177
18178 18180
18181 18183
18184 18186
18187 18189
18190 18192
18193 18195
18196 18198
18199 18201
18202 18204
18205 18207
18208 18210
18211 18213
18214 18216
18217 18219
18220 18222
18223 18225
18226 18228
18229 18231
18232 18234
18235 18237
18238 18240
18241 18243
18244 18246
18247 18249
18250 18252
18253 18255
18256 18258
18259 18261
18262 18264
18265 18267
18268 18270
18271 18273
18274 18276
18277 18279
18280 18282
18283 18285
18286 18288
18289 18291
18292 18294
18295 18297
18298 18300
18301 18303
18304 18306
18307 18309
18310 18312
18313 18315
18316 18318
18319 18321
18322 18324
18325 18327
18328 18330
18331 18333
18334 18336
18337 18339
18340 18342
18343 18345
18346 18348
18349 18351
18352 18354
18355 18357
18358 18360
18361 18363
18364 18366
18367 18369
18370 18372
18373 18375
18376 18378
18379 18381
18382 18384
18385 18387
18388 18390
18391 18393
18394 18396
18397 18399
18400 18402
18403 18405
18406 18408
18409 18411
18412 18414
18415 18417
18418 18420
18421 18423
18424 18426
18427 18429
18430 18432
18433 18435
18436 18438
18439 18441
18442 18444
18445 18447
18448 18450
18451 18453
18454 18456
18457 18459
18460 18462
18463 18465
18466 18468
18469 18471
18472 18474
18475 18477
18478 18480
18481 18483
18484 18486
18487 18489
18490 18492
18493 18495
18496 18498
18499 18501
18502 18504
18505 18507
18508 18510
18511 18513
18514 18516
18517 18519
18520 18522
18523 18525
18526 18528
18529 18531
18532 18534
18535 18537
18538 18540
18541 18543
18544 18546
18547 18549
18550 18552
18553 18555
18556 18558
18559 18561
18562 18564
18565 18567
18568 18570
18571 18573
18574 18576
18577 18579
18580 18582
18583 18585
18586 18588
18589 18591
18592 18594
18595 18597
18598 18600
18601 18603
18604 18606
18607 18609
18610 18612
18613 18615
18616 18618
18619 18621
18622 18624
18625 18627
18628 18630
18631 18633
18634 18636
18637 18639
18640 18642
18643 18645
18646 18648
18649 18651
18652 18654
18655 18657
18658 18660
18661 18663
18664 18666
18667 18669
18670 18672
18673 18675
18676 18678
18679 18681
18682 18684
18685 18687
18688 18690
18691 18693
18694 18696
18697 18699
18700 18702
18703 18705
18706 18708
18709 18711
18712 18714
18715 18717
18718 18720
18721 18723
18724 18726
18727 18729
18730 18732
18733 18735
18736 18738
18739 18741
18742 18744
18745 18747
18748 18750
18751 18753
18754 18756
18757 18759
18760 18762
18763 18765
18766 18768
18769 18771
18772 18774
18775 18777
18778 18780
18781 18783
18784 18786
18787 18789
18790 18792
18793 18795
18796 18798
18799 18801
18802 18804
18805 18807
18808 18810
18811 18813
18814 18816
18817 18819
18820 18822
18823 18825
18826 18828
18829 18831
18832 18834
18835 18837
18838 18840
18841 18843
18844 18846
18847 18849
18850 18852
18853 18855
18856 18858
18859 18861
18862 18864
18865 18867
18868 18870
18871 18873
18874 18876
18877 18879
18880 18882
18883 18885
18886 18888
18889 18891
18892 18894
18895 18897
18898 18900
18901 18903
18904 18906
18907 18909
18910 18912
18913 18915
18916 18918
18919 18921
18922 18924
18925 18927
18928 18930
18931 18933
18934 18936
18937 18939
18940 18942
18943 18945
18946 18948
18949 18951
18952 18954
18955 18957
18958 18960
18961 18963
18964 18966
18967 18969
18970 18972
18973 18975
18976 18978
18979 18981
18982 18984
18985 18987
18988 18990
18991 18993
18994 18996
18997 18999
19000 19002
19003 19005
19006 19008
19009 19011
19012 19014
19015 19017
19018 19020
19021 19023
19024 19026
19027 19029
19030 19032
19033 19035
19036 19038
19039 19041
19042 19044
19045 19047
19048 19050
19051 19053
19054 19056
19057 19059
19060 19062
19063 19065
19066 19068
19069 19071
19072 19074
19075 19077
19078 19080
19081 19083
19084 19086
19087 19089
19090 19092
19093 19095
19096 19098
19099 19101
19102 19104
19105 19107
19108 19110
19111 19113
19114 19116
19117 19119
19120 19122
19123 19125
19126 19128
19129 19131
19132 19134
19135 19137
19138 19140
19141 19143
19144 19146
19147 19149
19150 19152
19153 19155
19156 19158
19159 19161
19162 19164
19165 19167
19168 19170
19171 19173
19174 19176
19177 19179
19180 19182
19183 19185
19186 19188
19189 19191
19192 19194
19195 19197
19198 19200
19201 19203
19204 19206
19207 19209
19210 19212
19213 19215
19216 19218
19219 19221
19222 19224
19225 19227
19228 19230
19231 19233
19234 19236
19237 19239
19240 19242
19243 19245
19246 19248
19249 19251
19252 19254
19255 19257
19258 19260
19261 19263
19264 19266
19267 19269
19270 19272
19273 19275
19276 19278
19279 19281
19282 19284
19285 19287
19288 19290
19291 19293
19294 19296
19297 19299
19300 19302
19303 19305
19306 19308
19309 19311
19312 19314
19315 19317
19318 19320
19321 19323
19324 19326
19327 19329
19330 19332
19333 19335
19336 19338
19339 19341
19342 19344
19345 19347
19348 19350
19351 19353
19354 19356
19357 19359
19360 19362
19363 19365
19366 19368
19369 19371
19372 19374
19375 19377
19378 19380
19381 19383
19384 19386
19387 19389
19390 19392
19393 19395
19396 19398
19399 19401
19402 19404
19405 19407
19408 19410
19411 19413
19414 19416
19417 19419
19420 19422
19423 19425
19426 19428
19429 19431
19432 19434
19435 19437
19438 19440
19441 19443
19444 19446
19447 19449
19450 19452
19453 19455
19456 19458
19459 19461
19462 19464
19465 19467
19468 19470
19471 19473
19474 19476
19477 19479
19480 19482
19483 19485
19486 19488
19489 19491
19492 19494
19495 19497
19498 19500
19501 19503
19504 19506
19507 19509
19510 19512
19513 19515
19516 19518
19519 19521
19522 19524
19525 19527
19528 19530
19531 19533
19534 19536
19537 19539
19540 19542
19543 19545
19546 19548
19549 19551
19552 19554
19555 19557
19558 19560
19561 19563
19564 19566
19567 19569
19570 19572
19573 19575
19576 19578
19579 19581
19582 19584
19585 19587
19588 19590
19591 19593
19594 19596
19597 19599
19600 19602
19603 19605
19606 19608
19609 19611
19612 19614
19615 19617
19618 19620
19621 19623
19624 19626
19627 19629
19630 19632
19633 19635
19636 19638
19639 19641
19642 19644
19645 19647
19648 19650
19651 19653
19654 19656
19657 19659
19660 19662
19663 19665
19666 19668
19669 19671
19672 19674
19675 19677
19678 19680
19681 19683
19684 19686
19687 19689
19690 19692
19693 19695
19696 19698
19699 19701
19702 19704
19705 19707
19708 19710
19711 19713
19714 19716
19717 19719
19720 19722
19723 19725
19726 19728
19729 19731
19732 19734
19735 19737
19738 19740
19741 19743
19744 19746
19747 19749
19750 19752
19753 19755
19756 19758
19759 19761
19762 19764
19765 19767
19768 19770
19771 19773
19774 19776
19777 19779
19780 19782
19783 19785
19786 19788
19789 19791
19792 19794
19795 19797
19798 19800
19801 19803
19804 19806
19807 19809
19810 19812
19813 19815
19816 19818
19819 19821
19822 19824
19825 19827
19828 19830
19831 19833
19834 19836
19837 19839
19840 19842
19843 19845
19846 19848
19849 19851
19852 19854
19855 19857
19858 19860
19861 19863
19864 19866
19867 19869
19870 19872
19873 19875
19876 19878
19879 19881
19882 19884
19885 19887
19888 19890
19891 19893
19894 19896
19897 19899
19900 19902
19903 19905
19906 19908
19909 19911
19912 19914
19915 19917
19918 19920
19921 19923
19924 19926
19927 19929
19930 19932
19933 19935
19936 19938
19939 19941
19942 19944
19945 19947
19948 19950
19951 19953
19954 19956
19957 19959
19960 19962
19963 19965
19966 19968
19969 19971
19972 19974
19975 19977
19978 19980
19981 19983
19984 19986
19987 19989
19990 19992
19993 19995
19996 19998
19999 20001
20002 20004
20005 20007
20008 20010
20011 20013
20014 20016
20017 20019
20020 20022
20023 20025
20026 20028
20029 20031
20032 20034
20035 20037
20038 20040
20041 20043
20044 20046
20047 20049
20050 20052
20053 20055
20056 20058
20059 20061
20062 20064
20065 20067
20068 20070
20071 20073
20074 20076
20077 20079
20080 20082
20083 20085
20086 20088
20089 20091
20092 20094
20095 20097
20098 20100
20101 20103
20104 20106
20107 20109
20110 20112
20113 20115
20116 20118
20119 20121
20122 20124
20125 20127
20128 20130
20131 20133
20134 20136
20137 20139
20140 20142
20143 20145
20146 20148
20149 20151
20152 20154
20155 20157
20158 20160
20161 20163
20164 20166
20167 20169
20170 20172
20173 20175
20176 20178
20179 20181
20182 20184
20185 20187
20188 20190
20191 20193
20194 20196
20197 20199
20200 20202
20203 20205
20206 20208
20209 20211
20212 20214
20215 20217
20218 20220
20221 20223
20224 20226
20227 20229
20230 20232
20233 20235
20236 20238
20239 20241
20242 20244
20245 20247
20248 20250
20251 20253
20254 20256
20257 20259
20260 20262
20263 20265
20266 20268
20269 20271
20272 20274
20275 20277
20278 20280
20281 20283
20284 20286
20287 20289
20290 20292
20293 20295
20296 20298
20299 20301
20302 20304
20305 20307
20308 20310
20311 20313
20314 20316
20317 20319
20320 20322
20323 20325
20326 20328
20329 20331
20332 20334
20335 20337
20338 20340
20341 20343
20344 20346
20347 20349
20350 20352
20353 20355
20356 20358
20359 20361
20362 20364
20365 20367
20368 20370
20371 20373
20374 20376
20377 20379
20380 20382
20383 20385
20386 20388
20389 20391
20392 20394
20395 20397
20398 20400
20401 20403
20404 20406
20407 20409
20410 20412
20413 20415
20416 20418
20419 20421
20422 20424
20425 20427
20428 20430
20431 20433
20434 20436
20437 20439
20440 20442
20443 20445
20446 20448
20449 20451
20452 20454
20455 20457
20458 20460
20461 20463
20464 20466
20467 20469
20470 20472
20473 20475
20476 20478
20479 20481
20482 20484
20485 20487
20488 20490
20491 20493
20494 20496
20497 20499
20500 20502
20503 20505
20506 20508
20509 20511
20512 20514
20515 20517
20518 20520
20521 20523
20524 20526
20527 20529
20530 20532
20533 20535
20536 20538
20539 20541
20542 20544
20545 20547
20548 20550
20551 20553
20554 20556
20557 20559
20560 20562
20563 20565
20566 20568
20569 20571
20572 20574
20575 20577
20578 20580
20581 20583
20584 20586
20587 20589
20590 20592
20593 20595
20596 20598
20599 20601
20602 20604
20605 20607
20608 20610
20611 20613
20614 20616
20617 20619
20620 20622
20623 20625
20626 20628
20629 20631
20632 20634
20635 20637
20638 20640
20641 20643
20644 20646
20647 20649
20650 20652
20653 20655
20656 20658
20659 20661
20662 20664
20665 20667
20668 20670
20671 20673
20674 20676
20677 20679
20680 20682
20683 20685
20686 20688
20689 20691
20692 20694
20695 20697
20698 20700
20701 20703
20704 20706
20707 20709
20710 20712
20713 20715
20716 20718
20719 20721
20722 20724
20725 20727
20728 20730
20731 20733
20734 20736
20737 20739
20740 20742
20743 20745
20746 20748
20749 20751
20752 20754
20755 20757
20758 20760
20761 20763
20764 20766
20767 20769
20770 20772
20773 20775
20776 20778
20779 20781
20782 20784
20785 20787
20788 20790
20791 20793
20794 20796
20797 20799
20800 20802
20803 20805
20806 20808
20809 20811
20812 20814
20815 20817
20818 20820
20821 20823
20824 20826
20827 20829
20830 20832
20833 20835
20836 20838
20839 20841
20842 20844
20845 20847
20848 20850
20851 20853
20854 20856
20857 20859
20860 20862
20863 20865
20866 20868
20869 20871
20872 20874
20875 20877
20878 20880
20881 20883
20884 20886
20887 20889
20890 20892
20893 20895
20896 20898
20899 20901
20902 20904
20905 20907
20908 20910
20911 20913
20914 20916
20917 20919
20920 20922
20923 20925
20926 20928
20929 20931
20932 20934
20935 20937
20938 20940
20941 20943
20944 20946
20947 20949
20950 20952
20953 20955
20956 20958
20959 20961
20962 20964
20965 20967
20968 20970
20971 20973
20974 20976
20977 20979
20980 20982
20983 20985
20986 20988
20989 20991
20992 20994
20995 20997
20998 21000
