50
1051 1053
1054 1056
1057 1059
1060 1062
1063 1065
1066 1068
1069 1071
1072 1074
1075 1077
1078 1080
1081 1083
1084 1086
1087 1089
1090 1092
1093 1095
1096 1098
1099 1101
1102 1104
1105 1107
1108 1110
1111 1113
1114 1116
1117 1119
1120 1122
1123 1125
1126 1128
1129 1131
1132 1134
1135 1137
1138 1140
1141 1143
1144 1146
1147 1149
1150 1152
1153 1155
1156 1158
1159 1161
1162 1164
1165 1167
1168 1170
1171 1173
1174 1176
1177 1179
1180 1182
1183 1185
1186 1188
1189 1191
1192 1194
1195 1197
1198 1200
