200
3001 3003
3004 3006
3007 3009
3010 3012
3013 3015
3016 3018
3019 3021
3022 3024
3025 3027
3028 3030
3031 3033
3034 3036
3037 3039
3040 3042
3043 3045
3046 3048
3049 3051
3052 3054
3055 3057
3058 3060
3061 3063
3064 3066
3067 3069
3070 3072
3073 3075
3076 3078
3079 3081
3082 3084
3085 3087
3088 3090
3091 3093
3094 3096
3097 3099
3100 3102
3103 3105
3106 3108
3109 3111
3112 3114
3115 3117
3118 3120
3121 3123
3124 3126
3127 3129
3130 3132
3133 3135
3136 3138
3139 3141
3142 3144
3145 3147
3148 3150
3151 3153
3154 3156
3157 3159
3160 3162
3163 3165
3166 3168
3169 3171
3172 3174
3175 3177
3178 3180
3181 3183
3184 3186
3187 3189
3190 3192
3193 3195
3196 3198
3199 3201
3202 3204
3205 3207
3208 3210
3211 3213
3214 3216
3217 3219
3220 3222
3223 3225
3226 3228
3229 3231
3232 3234
3235 3237
3238 3240
3241 3243
3244 3246
3247 3249
3250 3252
3253 3255
3256 3258
3259 3261
3262 3264
3265 3267
3268 3270
3271 3273
3274 3276
3277 3279
3280 3282
3283 3285
3286 3288
3289 3291
3292 3294
3295 3297
3298 3300
3301 3303
3304 3306
3307 3309
3310 3312
3313 3315
3316 3318
3319 3321
3322 3324
3325 3327
3328 3330
3331 3333
3334 3336
3337 3339
3340 3342
3343 3345
3346 3348
3349 3351
3352 3354
3355 3357
3358 3360
3361 3363
3364 3366
3367 3369
3370 3372
3373 3375
3376 3378
3379 3381
3382 3384
3385 3387
3388 3390
3391 3393
3394 3396
3397 3399
3400 3402
3403 3405
3406 3408
3409 3411
3412 3414
3415 3417
3418 3420
3421 3423
3424 3426
3427 3429
3430 3432
3433 3435
3436 3438
3439 3441
3442 3444
3445 3447
3448 3450
3451 3453
3454 3456
3457 3459
3460 3462
3463 3465
3466 3468
3469 3471
3472 3474
3475 3477
3478 3480
3481 3483
3484 3486
3487 3489
3490 3492
3493 3495
3496 3498
3499 3501
3502 3504
3505 3507
3508 3510
3511 3513
3514 3516
3517 3519
3520 3522
3523 3525
3526 3528
3529 3531
3532 3534
3535 3537
3538 3540
3541 3543
3544 3546
3547 3549
3550 3552
3553 3555
3556 3558
3559 3561
3562 3564
3565 3567
3568 3570
3571 3573
3574 3576
3577 3579
3580 3582
3583 3585
3586 3588
3589 3591
3592 3594
3595 3597
3598 3600
