1000
15001 15003
15004 15006
15007 15009
15010 15012
15013 15015
15016 15018
15019 15021
15022 15024
15025 15027
15028 15030
15031 15033
15034 15036
15037 15039
15040 15042
15043 15045
15046 15048
15049 15051
15052 15054
15055 15057
15058 15060
15061 15063
15064 15066
15067 15069
15070 15072
15073 15075
15076 15078
15079 15081
15082 15084
15085 15087
15088 15090
15091 15093
15094 15096
15097 15099
15100 15102
15103 15105
15106 15108
15109 15111
15112 15114
15115 15117
15118 15120
15121 15123
15124 15126
15127 15129
15130 15132
15133 15135
15136 15138
15139 15141
15142 15144
15145 15147
15148 15150
15151 15153
15154 15156
15157 15159
15160 15162
15163 15165
15166 15168
15169 15171
15172 15174
15175 15177
15178 15180
15181 15183
15184 15186
15187 15189
15190 15192
15193 15195
15196 15198
15199 15201
15202 15204
15205 15207
15208 15210
15211 15213
15214 15216
15217 15219
15220 15222
15223 15225
15226 15228
15229 15231
15232 15234
15235 15237
15238 15240
15241 15243
15244 15246
15247 15249
15250 15252
15253 15255
15256 15258
15259 15261
15262 15264
15265 15267
15268 15270
15271 15273
15274 15276
15277 15279
15280 15282
15283 15285
15286 15288
15289 15291
15292 15294
15295 15297
15298 15300
15301 15303
15304 15306
15307 15309
15310 15312
15313 15315
15316 15318
15319 15321
15322 15324
15325 15327
15328 15330
15331 15333
15334 15336
15337 15339
15340 15342
15343 15345
15346 15348
15349 15351
15352 15354
15355 15357
15358 15360
15361 15363
15364 15366
15367 15369
15370 15372
15373 15375
15376 15378
15379 15381
15382 15384
15385 15387
15388 15390
15391 15393
15394 15396
15397 15399
15400 15402
15403 15405
15406 15408
15409 15411
15412 15414
15415 15417
15418 15420
15421 15423
15424 15426
15427 15429
15430 15432
15433 15435
15436 15438
15439 15441
15442 15444
15445 15447
15448 15450
15451 15453
15454 15456
15457 15459
15460 15462
15463 15465
15466 15468
15469 15471
15472 15474
15475 15477
15478 15480
15481 15483
15484 15486
15487 15489
15490 15492
15493 15495
15496 15498
15499 15501
15502 15504
15505 15507
15508 15510
15511 15513
15514 15516
15517 15519
15520 15522
15523 15525
15526 15528
15529 15531
15532 15534
15535 15537
15538 15540
15541 15543
15544 15546
15547 15549
15550 15552
15553 15555
15556 15558
15559 15561
15562 15564
15565 15567
15568 15570
15571 15573
15574 15576
15577 15579
15580 15582
15583 15585
15586 15588
15589 15591
15592 15594
15595 15597
15598 15600
15601 15603
15604 15606
15607 15609
15610 15612
15613 15615
15616 15618
15619 15621
15622 15624
15625 15627
15628 15630
15631 15633
15634 15636
15637 15639
15640 15642
15643 15645
15646 15648
15649 15651
15652 15654
15655 15657
15658 15660
15661 15663
15664 15666
15667 15669
15670 15672
15673 15675
15676 15678
15679 15681
15682 15684
15685 15687
15688 15690
15691 15693
15694 15696
15697 15699
15700 15702
15703 15705
15706 15708
15709 15711
15712 15714
15715 15717
15718 15720
15721 15723
15724 15726
15727 15729
15730 15732
15733 15735
15736 15738
15739 15741
15742 15744
15745 15747
15748 15750
15751 15753
15754 15756
15757 15759
15760 15762
15763 15765
15766 15768
15769 15771
15772 15774
15775 15777
15778 15780
15781 15783
15784 15786
15787 15789
15790 15792
15793 15795
15796 15798
15799 15801
15802 15804
15805 15807
15808 15810
15811 15813
15814 15816
15817 15819
15820 15822
15823 15825
15826 15828
15829 15831
15832 15834
15835 15837
15838 15840
15841 15843
15844 15846
15847 15849
15850 15852
15853 15855
15856 15858
15859 15861
15862 15864
15865 15867
15868 15870
15871 15873
15874 15876
15877 15879
15880 15882
15883 15885
15886 15888
15889 15891
15892 15894
15895 15897
15898 15900
15901 15903
15904 15906
15907 15909
15910 15912
15913 15915
15916 15918
15919 15921
15922 15924
15925 15927
15928 15930
15931 15933
15934 15936
15937 15939
15940 15942
15943 15945
15946 15948
15949 15951
15952 15954
15955 15957
15958 15960
15961 15963
15964 15966
15967 15969
15970 15972
15973 15975
15976 15978
15979 15981
15982 15984
15985 15987
15988 15990
15991 15993
15994 15996
15997 15999
16000 16002
16003 16005
16006 16008
16009 16011
16012 16014
16015 16017
16018 16020
16021 16023
16024 16026
16027 16029
16030 16032
16033 16035
16036 16038
16039 16041
16042 16044
16045 16047
16048 16050
16051 16053
16054 16056
16057 16059
16060 16062
16063 16065
16066 16068
16069 16071
16072 16074
16075 16077
16078 16080
16081 16083
16084 16086
16087 16089
16090 16092
16093 16095
16096 16098
16099 16101
16102 16104
16105 16107
16108 16110
16111 16113
16114 16116
16117 16119
16120 16122
16123 16125
16126 16128
16129 16131
16132 16134
16135 16137
16138 16140
16141 16143
16144 16146
16147 16149
16150 16152
16153 16155
16156 16158
16159 16161
16162 16164
16165 16167
16168 16170
16171 16173
16174 16176
16177 16179
16180 16182
16183 16185
16186 16188
16189 16191
16192 16194
16195 16197
16198 16200
16201 16203
16204 16206
16207 16209
16210 16212
16213 16215
16216 16218
16219 16221
16222 16224
16225 16227
16228 16230
16231 16233
16234 16236
16237 16239
16240 16242
16243 16245
16246 16248
16249 16251
16252 16254
16255 16257
16258 16260
16261 16263
16264 16266
16267 16269
16270 16272
16273 16275
16276 16278
16279 16281
16282 16284
16285 16287
16288 16290
16291 16293
16294 16296
16297 16299
16300 16302
16303 16305
16306 16308
16309 16311
16312 16314
16315 16317
16318 16320
16321 16323
16324 16326
16327 16329
16330 16332
16333 16335
16336 16338
16339 16341
16342 16344
16345 16347
16348 16350
16351 16353
16354 16356
16357 16359
16360 16362
16363 16365
16366 16368
16369 16371
16372 16374
16375 16377
16378 16380
16381 16383
16384 16386
16387 16389
16390 16392
16393 16395
16396 16398
16399 16401
16402 16404
16405 16407
16408 16410
16411 16413
16414 16416
16417 16419
16420 16422
16423 16425
16426 16428
16429 16431
16432 16434
16435 16437
16438 16440
16441 16443
16444 16446
16447 16449
16450 16452
16453 16455
16456 16458
16459 16461
16462 16464
16465 16467
16468 16470
16471 16473
16474 16476
16477 16479
16480 16482
16483 16485
16486 16488
16489 16491
16492 16494
16495 16497
16498 16500
16501 16503
16504 16506
16507 16509
16510 16512
16513 16515
16516 16518
16519 16521
16522 16524
16525 16527
16528 16530
16531 16533
16534 16536
16537 16539
16540 16542
16543 16545
16546 16548
16549 16551
16552 16554
16555 16557
16558 16560
16561 16563
16564 16566
16567 16569
16570 16572
16573 16575
16576 16578
16579 16581
16582 16584
16585 16587
16588 16590
16591 16593
16594 16596
16597 16599
16600 16602
16603 16605
16606 16608
16609 16611
16612 16614
16615 16617
16618 16620
16621 16623
16624 16626
16627 16629
16630 16632
16633 16635
16636 16638
16639 16641
16642 16644
16645 16647
16648 16650
16651 16653
16654 16656
16657 16659
16660 16662
16663 16665
16666 16668
16669 16671
16672 16674
16675 16677
16678 16680
16681 16683
16684 16686
16687 16689
16690 16692
16693 16695
16696 16698
16699 16701
16702 16704
16705 16707
16708 16710
16711 16713
16714 16716
16717 16719
16720 16722
16723 16725
16726 16728
16729 16731
16732 16734
16735 16737
16738 16740
16741 16743
16744 16746
16747 16749
16750 16752
16753 16755
16756 16758
16759 16761
16762 16764
16765 16767
16768 16770
16771 16773
16774 16776
16777 16779
16780 16782
16783 16785
16786 16788
16789 16791
16792 16794
16795 16797
16798 16800
16801 16803
16804 16806
16807 16809
16810 16812
16813 16815
16816 16818
16819 16821
16822 16824
16825 16827
16828 16830
16831 16833
16834 16836
16837 16839
16840 16842
16843 16845
16846 16848
16849 16851
16852 16854
16855 16857
16858 16860
16861 16863
16864 16866
16867 16869
16870 16872
16873 16875
16876 16878
16879 16881
16882 16884
16885 16887
16888 16890
16891 16893
16894 16896
16897 16899
16900 16902
16903 16905
16906 16908
16909 16911
16912 16914
16915 16917
16918 16920
16921 16923
16924 16926
16927 16929
16930 16932
16933 16935
16936 16938
16939 16941
16942 16944
16945 16947
16948 16950
16951 16953
16954 16956
16957 16959
16960 16962
16963 16965
16966 16968
16969 16971
16972 16974
16975 16977
16978 16980
16981 16983
16984 16986
16987 16989
16990 16992
16993 16995
16996 16998
16999 17001
17002 17004
17005 17007
17008 17010
17011 17013
17014 17016
17017 17019
17020 17022
17023 17025
17026 17028
17029 17031
17032 17034
17035 17037
17038 17040
17041 17043
17044 17046
17047 17049
17050 17052
17053 17055
17056 17058
17059 17061
17062 17064
17065 17067
17068 17070
17071 17073
17074 17076
17077 17079
17080 17082
17083 17085
17086 17088
17089 17091
17092 17094
17095 17097
17098 17100
17101 17103
17104 17106
17107 17109
17110 17112
17113 17115
17116 17118
17119 17121
17122 17124
17125 17127
17128 17130
17131 17133
17134 17136
17137 17139
17140 17142
17143 17145
17146 17148
17149 17151
17152 17154
17155 17157
17158 17160
17161 17163
17164 17166
17167 17169
17170 17172
17173 17175
17176 17178
17179 17181
17182 17184
17185 17187
17188 17190
17191 17193
17194 17196
17197 17199
17200 17202
17203 17205
17206 17208
17209 17211
17212 17214
17215 17217
17218 17220
17221 17223
17224 17226
17227 17229
17230 17232
17233 17235
17236 17238
17239 17241
17242 17244
17245 17247
17248 17250
17251 17253
17254 17256
17257 17259
17260 17262
17263 17265
17266 17268
17269 17271
17272 17274
17275 17277
17278 17280
17281 17283
17284 17286
17287 17289
17290 17292
17293 17295
17296 17298
17299 17301
17302 17304
17305 17307
17308 17310
17311 17313
17314 17316
17317 17319
17320 17322
17323 17325
17326 17328
17329 17331
17332 17334
17335 17337
17338 17340
17341 17343
17344 17346
17347 17349
17350 17352
17353 17355
17356 17358
17359 17361
17362 17364
17365 17367
17368 17370
17371 17373
17374 17376
17377 17379
17380 17382
17383 17385
17386 17388
17389 17391
17392 17394
17395 17397
17398 17400
17401 17403
17404 17406
17407 17409
17410 17412
17413 17415
17416 17418
17419 17421
17422 17424
17425 17427
17428 17430
17431 17433
17434 17436
17437 17439
17440 17442
17443 17445
17446 17448
17449 17451
17452 17454
17455 17457
17458 17460
17461 17463
17464 17466
17467 17469
17470 17472
17473 17475
17476 17478
17479 17481
17482 17484
17485 17487
17488 17490
17491 17493
17494 17496
17497 17499
17500 17502
17503 17505
17506 17508
17509 17511
17512 17514
17515 17517
17518 17520
17521 17523
17524 17526
17527 17529
17530 17532
17533 17535
17536 17538
17539 17541
17542 17544
17545 17547
17548 17550
17551 17553
17554 17556
17557 17559
17560 17562
17563 17565
17566 17568
17569 17571
17572 17574
17575 17577
17578 17580
17581 17583
17584 17586
17587 17589
17590 17592
17593 17595
17596 17598
17599 17601
17602 17604
17605 17607
17608 17610
17611 17613
17614 17616
17617 17619
17620 17622
17623 17625
17626 17628
17629 17631
17632 17634
17635 17637
17638 17640
17641 17643
17644 17646
17647 17649
17650 17652
17653 17655
17656 17658
17659 17661
17662 17664
17665 17667
17668 17670
17671 17673
17674 17676
17677 17679
17680 17682
17683 17685
17686 17688
17689 17691
17692 17694
17695 17697
17698 17700
17701 17703
17704 17706
17707 17709
17710 17712
17713 17715
17716 17718
17719 17721
17722 17724
17725 17727
17728 17730
17731 17733
17734 17736
17737 17739
17740 17742
17743 17745
17746 17748
17749 17751
17752 17754
17755 17757
17758 17760
17761 17763
17764 17766
17767 17769
17770 17772
17773 17775
17776 17778
17779 17781
17782 17784
17785 17787
17788 17790
17791 17793
17794 17796
17797 17799
17800 17802
17803 17805
17806 17808
17809 17811
17812 17814
17815 17817
17818 17820
17821 17823
17824 17826
17827 17829
17830 17832
17833 17835
17836 17838
17839 17841
17842 17844
17845 17847
17848 17850
17851 17853
17854 17856
17857 17859
17860 17862
17863 17865
17866 17868
17869 17871
17872 17874
17875 17877
17878 17880
17881 17883
17884 17886
17887 17889
17890 17892
17893 17895
17896 17898
17899 17901
17902 17904
17905 17907
17908 17910
17911 17913
17914 17916
17917 17919
17920 17922
17923 17925
17926 17928
17929 17931
17932 17934
17935 17937
17938 17940
17941 17943
17944 17946
17947 17949
17950 17952
17953 17955
17956 17958
17959 17961
17962 17964
17965 17967
17968 17970
17971 17973
17974 17976
17977 17979
17980 17982
17983 17985
17986 17988
17989 17991
17992 17994
17995 17997
17998 18000
