200
601 603
604 606
607 609
610 612
613 615
616 618
619 621
622 624
625 627
628 630
631 633
634 636
637 639
640 642
643 645
646 648
649 651
652 654
655 657
658 660
661 663
664 666
667 669
670 672
673 675
676 678
679 681
682 684
685 687
688 690
691 693
694 696
697 699
700 702
703 705
706 708
709 711
712 714
715 717
718 720
721 723
724 726
727 729
730 732
733 735
736 738
739 741
742 744
745 747
748 750
751 753
754 756
757 759
760 762
763 765
766 768
769 771
772 774
775 777
778 780
781 783
784 786
787 789
790 792
793 795
796 798
799 801
802 804
805 807
808 810
811 813
814 816
817 819
820 822
823 825
826 828
829 831
832 834
835 837
838 840
841 843
844 846
847 849
850 852
853 855
856 858
859 861
862 864
865 867
868 870
871 873
874 876
877 879
880 882
883 885
886 888
889 891
892 894
895 897
898 900
901 903
904 906
907 909
910 912
913 915
916 918
919 921
922 924
925 927
928 930
931 933
934 936
937 939
940 942
943 945
946 948
949 951
952 954
955 957
958 960
961 963
964 966
967 969
970 972
973 975
976 978
979 981
982 984
985 987
988 990
991 993
994 996
997 999
1000 1002
1003 1005
1006 1008
1009 1011
1012 1014
1015 1017
1018 1020
1021 1023
1024 1026
1027 1029
1030 1032
1033 1035
1036 1038
1039 1041
1042 1044
1045 1047
1048 1050
1051 1053
1054 1056
1057 1059
1060 1062
1063 1065
1066 1068
1069 1071
1072 1074
1075 1077
1078 1080
1081 1083
1084 1086
1087 1089
1090 1092
1093 1095
1096 1098
1099 1101
1102 1104
1105 1107
1108 1110
1111 1113
1114 1116
1117 1119
1120 1122
1123 1125
1126 1128
1129 1131
1132 1134
1135 1137
1138 1140
1141 1143
1144 1146
1147 1149
1150 1152
1153 1155
1156 1158
1159 1161
1162 1164
1165 1167
1168 1170
1171 1173
1174 1176
1177 1179
1180 1182
1183 1185
1186 1188
1189 1191
1192 1194
1195 1197
1198 1200
