100
301 303
304 306
307 309
310 312
313 315
316 318
319 321
322 324
325 327
328 330
331 333
334 336
337 339
340 342
343 345
346 348
349 351
352 354
355 357
358 360
361 363
364 366
367 369
370 372
373 375
376 378
379 381
382 384
385 387
388 390
391 393
394 396
397 399
400 402
403 405
406 408
409 411
412 414
415 417
418 420
421 423
424 426
427 429
430 432
433 435
436 438
439 441
442 444
445 447
448 450
451 453
454 456
457 459
460 462
463 465
466 468
469 471
472 474
475 477
478 480
481 483
484 486
487 489
490 492
493 495
496 498
499 501
502 504
505 507
508 510
511 513
514 516
517 519
520 522
523 525
526 528
529 531
532 534
535 537
538 540
541 543
544 546
547 549
550 552
553 555
556 558
559 561
562 564
565 567
568 570
571 573
574 576
577 579
580 582
583 585
586 588
589 591
592 594
595 597
598 600
