200
4801 4803
4804 4806
4807 4809
4810 4812
4813 4815
4816 4818
4819 4821
4822 4824
4825 4827
4828 4830
4831 4833
4834 4836
4837 4839
4840 4842
4843 4845
4846 4848
4849 4851
4852 4854
4855 4857
4858 4860
4861 4863
4864 4866
4867 4869
4870 4872
4873 4875
4876 4878
4879 4881
4882 4884
4885 4887
4888 4890
4891 4893
4894 4896
4897 4899
4900 4902
4903 4905
4906 4908
4909 4911
4912 4914
4915 4917
4918 4920
4921 4923
4924 4926
4927 4929
4930 4932
4933 4935
4936 4938
4939 4941
4942 4944
4945 4947
4948 4950
4951 4953
4954 4956
4957 4959
4960 4962
4963 4965
4966 4968
4969 4971
4972 4974
4975 4977
4978 4980
4981 4983
4984 4986
4987 4989
4990 4992
4993 4995
4996 4998
4999 5001
5002 5004
5005 5007
5008 5010
5011 5013
5014 5016
5017 5019
5020 5022
5023 5025
5026 5028
5029 5031
5032 5034
5035 5037
5038 5040
5041 5043
5044 5046
5047 5049
5050 5052
5053 5055
5056 5058
5059 5061
5062 5064
5065 5067
5068 5070
5071 5073
5074 5076
5077 5079
5080 5082
5083 5085
5086 5088
5089 5091
5092 5094
5095 5097
5098 5100
5101 5103
5104 5106
5107 5109
5110 5112
5113 5115
5116 5118
5119 5121
5122 5124
5125 5127
5128 5130
5131 5133
5134 5136
5137 5139
5140 5142
5143 5145
5146 5148
5149 5151
5152 5154
5155 5157
5158 5160
5161 5163
5164 5166
5167 5169
5170 5172
5173 5175
5176 5178
5179 5181
5182 5184
5185 5187
5188 5190
5191 5193
5194 5196
5197 5199
5200 5202
5203 5205
5206 5208
5209 5211
5212 5214
5215 5217
5218 5220
5221 5223
5224 5226
5227 5229
5230 5232
5233 5235
5236 5238
5239 5241
5242 5244
5245 5247
5248 5250
5251 5253
5254 5256
5257 5259
5260 5262
5263 5265
5266 5268
5269 5271
5272 5274
5275 5277
5278 5280
5281 5283
5284 5286
5287 5289
5290 5292
5293 5295
5296 5298
5299 5301
5302 5304
5305 5307
5308 5310
5311 5313
5314 5316
5317 5319
5320 5322
5323 5325
5326 5328
5329 5331
5332 5334
5335 5337
5338 5340
5341 5343
5344 5346
5347 5349
5350 5352
5353 5355
5356 5358
5359 5361
5362 5364
5365 5367
5368 5370
5371 5373
5374 5376
5377 5379
5380 5382
5383 5385
5386 5388
5389 5391
5392 5394
5395 5397
5398 5400
