1000
12001 12003
12004 12006
12007 12009
12010 12012
12013 12015
12016 12018
12019 12021
12022 12024
12025 12027
12028 12030
12031 12033
12034 12036
12037 12039
12040 12042
12043 12045
12046 12048
12049 12051
12052 12054
12055 12057
12058 12060
12061 12063
12064 12066
12067 12069
12070 12072
12073 12075
12076 12078
12079 12081
12082 12084
12085 12087
12088 12090
12091 12093
12094 12096
12097 12099
12100 12102
12103 12105
12106 12108
12109 12111
12112 12114
12115 12117
12118 12120
12121 12123
12124 12126
12127 12129
12130 12132
12133 12135
12136 12138
12139 12141
12142 12144
12145 12147
12148 12150
12151 12153
12154 12156
12157 12159
12160 12162
12163 12165
12166 12168
12169 12171
12172 12174
12175 12177
12178 12180
12181 12183
12184 12186
12187 12189
12190 12192
12193 12195
12196 12198
12199 12201
12202 12204
12205 12207
12208 12210
12211 12213
12214 12216
12217 12219
12220 12222
12223 12225
12226 12228
12229 12231
12232 12234
12235 12237
12238 12240
12241 12243
12244 12246
12247 12249
12250 12252
12253 12255
12256 12258
12259 12261
12262 12264
12265 12267
12268 12270
12271 12273
12274 12276
12277 12279
12280 12282
12283 12285
12286 12288
12289 12291
12292 12294
12295 12297
12298 12300
12301 12303
12304 12306
12307 12309
12310 12312
12313 12315
12316 12318
12319 12321
12322 12324
12325 12327
12328 12330
12331 12333
12334 12336
12337 12339
12340 12342
12343 12345
12346 12348
12349 12351
12352 12354
12355 12357
12358 12360
12361 12363
12364 12366
12367 12369
12370 12372
12373 12375
12376 12378
12379 12381
12382 12384
12385 12387
12388 12390
12391 12393
12394 12396
12397 12399
12400 12402
12403 12405
12406 12408
12409 12411
12412 12414
12415 12417
12418 12420
12421 12423
12424 12426
12427 12429
12430 12432
12433 12435
12436 12438
12439 12441
12442 12444
12445 12447
12448 12450
12451 12453
12454 12456
12457 12459
12460 12462
12463 12465
12466 12468
12469 12471
12472 12474
12475 12477
12478 12480
12481 12483
12484 12486
12487 12489
12490 12492
12493 12495
12496 12498
12499 12501
12502 12504
12505 12507
12508 12510
12511 12513
12514 12516
12517 12519
12520 12522
12523 12525
12526 12528
12529 12531
12532 12534
12535 12537
12538 12540
12541 12543
12544 12546
12547 12549
12550 12552
12553 12555
12556 12558
12559 12561
12562 12564
12565 12567
12568 12570
12571 12573
12574 12576
12577 12579
12580 12582
12583 12585
12586 12588
12589 12591
12592 12594
12595 12597
12598 12600
12601 12603
12604 12606
12607 12609
12610 12612
12613 12615
12616 12618
12619 12621
12622 12624
12625 12627
12628 12630
12631 12633
12634 12636
12637 12639
12640 12642
12643 12645
12646 12648
12649 12651
12652 12654
12655 12657
12658 12660
12661 12663
12664 12666
12667 12669
12670 12672
12673 12675
12676 12678
12679 12681
12682 12684
12685 12687
12688 12690
12691 12693
12694 12696
12697 12699
12700 12702
12703 12705
12706 12708
12709 12711
12712 12714
12715 12717
12718 12720
12721 12723
12724 12726
12727 12729
12730 12732
12733 12735
12736 12738
12739 12741
12742 12744
12745 12747
12748 12750
12751 12753
12754 12756
12757 12759
12760 12762
12763 12765
12766 12768
12769 12771
12772 12774
12775 12777
12778 12780
12781 12783
12784 12786
12787 12789
12790 12792
12793 12795
12796 12798
12799 12801
12802 12804
12805 12807
12808 12810
12811 12813
12814 12816
12817 12819
12820 12822
12823 12825
12826 12828
12829 12831
12832 12834
12835 12837
12838 12840
12841 12843
12844 12846
12847 12849
12850 12852
12853 12855
12856 12858
12859 12861
12862 12864
12865 12867
12868 12870
12871 12873
12874 12876
12877 12879
12880 12882
12883 12885
12886 12888
12889 12891
12892 12894
12895 12897
12898 12900
12901 12903
12904 12906
12907 12909
12910 12912
12913 12915
12916 12918
12919 12921
12922 12924
12925 12927
12928 12930
12931 12933
12934 12936
12937 12939
12940 12942
12943 12945
12946 12948
12949 12951
12952 12954
12955 12957
12958 12960
12961 12963
12964 12966
12967 12969
12970 12972
12973 12975
12976 12978
12979 12981
12982 12984
12985 12987
12988 12990
12991 12993
12994 12996
12997 12999
13000 13002
13003 13005
13006 13008
13009 13011
13012 13014
13015 13017
13018 13020
13021 13023
13024 13026
13027 13029
13030 13032
13033 13035
13036 13038
13039 13041
13042 13044
13045 13047
13048 13050
13051 13053
13054 13056
13057 13059
13060 13062
13063 13065
13066 13068
13069 13071
13072 13074
13075 13077
13078 13080
13081 13083
13084 13086
13087 13089
13090 13092
13093 13095
13096 13098
13099 13101
13102 13104
13105 13107
13108 13110
13111 13113
13114 13116
13117 13119
13120 13122
13123 13125
13126 13128
13129 13131
13132 13134
13135 13137
13138 13140
13141 13143
13144 13146
13147 13149
13150 13152
13153 13155
13156 13158
13159 13161
13162 13164
13165 13167
13168 13170
13171 13173
13174 13176
13177 13179
13180 13182
13183 13185
13186 13188
13189 13191
13192 13194
13195 13197
13198 13200
13201 13203
13204 13206
13207 13209
13210 13212
13213 13215
13216 13218
13219 13221
13222 13224
13225 13227
13228 13230
13231 13233
13234 13236
13237 13239
13240 13242
13243 13245
13246 13248
13249 13251
13252 13254
13255 13257
13258 13260
13261 13263
13264 13266
13267 13269
13270 13272
13273 13275
13276 13278
13279 13281
13282 13284
13285 13287
13288 13290
13291 13293
13294 13296
13297 13299
13300 13302
13303 13305
13306 13308
13309 13311
13312 13314
13315 13317
13318 13320
13321 13323
13324 13326
13327 13329
13330 13332
13333 13335
13336 13338
13339 13341
13342 13344
13345 13347
13348 13350
13351 13353
13354 13356
13357 13359
13360 13362
13363 13365
13366 13368
13369 13371
13372 13374
13375 13377
13378 13380
13381 13383
13384 13386
13387 13389
13390 13392
13393 13395
13396 13398
13399 13401
13402 13404
13405 13407
13408 13410
13411 13413
13414 13416
13417 13419
13420 13422
13423 13425
13426 13428
13429 13431
13432 13434
13435 13437
13438 13440
13441 13443
13444 13446
13447 13449
13450 13452
13453 13455
13456 13458
13459 13461
13462 13464
13465 13467
13468 13470
13471 13473
13474 13476
13477 13479
13480 13482
13483 13485
13486 13488
13489 13491
13492 13494
13495 13497
13498 13500
13501 13503
13504 13506
13507 13509
13510 13512
13513 13515
13516 13518
13519 13521
13522 13524
13525 13527
13528 13530
13531 13533
13534 13536
13537 13539
13540 13542
13543 13545
13546 13548
13549 13551
13552 13554
13555 13557
13558 13560
13561 13563
13564 13566
13567 13569
13570 13572
13573 13575
13576 13578
13579 13581
13582 13584
13585 13587
13588 13590
13591 13593
13594 13596
13597 13599
13600 13602
13603 13605
13606 13608
13609 13611
13612 13614
13615 13617
13618 13620
13621 13623
13624 13626
13627 13629
13630 13632
13633 13635
13636 13638
13639 13641
13642 13644
13645 13647
13648 13650
13651 13653
13654 13656
13657 13659
13660 13662
13663 13665
13666 13668
13669 13671
13672 13674
13675 13677
13678 13680
13681 13683
13684 13686
13687 13689
13690 13692
13693 13695
13696 13698
13699 13701
13702 13704
13705 13707
13708 13710
13711 13713
13714 13716
13717 13719
13720 13722
13723 13725
13726 13728
13729 13731
13732 13734
13735 13737
13738 13740
13741 13743
13744 13746
13747 13749
13750 13752
13753 13755
13756 13758
13759 13761
13762 13764
13765 13767
13768 13770
13771 13773
13774 13776
13777 13779
13780 13782
13783 13785
13786 13788
13789 13791
13792 13794
13795 13797
13798 13800
13801 13803
13804 13806
13807 13809
13810 13812
13813 13815
13816 13818
13819 13821
13822 13824
13825 13827
13828 13830
13831 13833
13834 13836
13837 13839
13840 13842
13843 13845
13846 13848
13849 13851
13852 13854
13855 13857
13858 13860
13861 13863
13864 13866
13867 13869
13870 13872
13873 13875
13876 13878
13879 13881
13882 13884
13885 13887
13888 13890
13891 13893
13894 13896
13897 13899
13900 13902
13903 13905
13906 13908
13909 13911
13912 13914
13915 13917
13918 13920
13921 13923
13924 13926
13927 13929
13930 13932
13933 13935
13936 13938
13939 13941
13942 13944
13945 13947
13948 13950
13951 13953
13954 13956
13957 13959
13960 13962
13963 13965
13966 13968
13969 13971
13972 13974
13975 13977
13978 13980
13981 13983
13984 13986
13987 13989
13990 13992
13993 13995
13996 13998
13999 14001
14002 14004
14005 14007
14008 14010
14011 14013
14014 14016
14017 14019
14020 14022
14023 14025
14026 14028
14029 14031
14032 14034
14035 14037
14038 14040
14041 14043
14044 14046
14047 14049
14050 14052
14053 14055
14056 14058
14059 14061
14062 14064
14065 14067
14068 14070
14071 14073
14074 14076
14077 14079
14080 14082
14083 14085
14086 14088
14089 14091
14092 14094
14095 14097
14098 14100
14101 14103
14104 14106
14107 14109
14110 14112
14113 14115
14116 14118
14119 14121
14122 14124
14125 14127
14128 14130
14131 14133
14134 14136
14137 14139
14140 14142
14143 14145
14146 14148
14149 14151
14152 14154
14155 14157
14158 14160
14161 14163
14164 14166
14167 14169
14170 14172
14173 14175
14176 14178
14179 14181
14182 14184
14185 14187
14188 14190
14191 14193
14194 14196
14197 14199
14200 14202
14203 14205
14206 14208
14209 14211
14212 14214
14215 14217
14218 14220
14221 14223
14224 14226
14227 14229
14230 14232
14233 14235
14236 14238
14239 14241
14242 14244
14245 14247
14248 14250
14251 14253
14254 14256
14257 14259
14260 14262
14263 14265
14266 14268
14269 14271
14272 14274
14275 14277
14278 14280
14281 14283
14284 14286
14287 14289
14290 14292
14293 14295
14296 14298
14299 14301
14302 14304
14305 14307
14308 14310
14311 14313
14314 14316
14317 14319
14320 14322
14323 14325
14326 14328
14329 14331
14332 14334
14335 14337
14338 14340
14341 14343
14344 14346
14347 14349
14350 14352
14353 14355
14356 14358
14359 14361
14362 14364
14365 14367
14368 14370
14371 14373
14374 14376
14377 14379
14380 14382
14383 14385
14386 14388
14389 14391
14392 14394
14395 14397
14398 14400
14401 14403
14404 14406
14407 14409
14410 14412
14413 14415
14416 14418
14419 14421
14422 14424
14425 14427
14428 14430
14431 14433
14434 14436
14437 14439
14440 14442
14443 14445
14446 14448
14449 14451
14452 14454
14455 14457
14458 14460
14461 14463
14464 14466
14467 14469
14470 14472
14473 14475
14476 14478
14479 14481
14482 14484
14485 14487
14488 14490
14491 14493
14494 14496
14497 14499
14500 14502
14503 14505
14506 14508
14509 14511
14512 14514
14515 14517
14518 14520
14521 14523
14524 14526
14527 14529
14530 14532
14533 14535
14536 14538
14539 14541
14542 14544
14545 14547
14548 14550
14551 14553
14554 14556
14557 14559
14560 14562
14563 14565
14566 14568
14569 14571
14572 14574
14575 14577
14578 14580
14581 14583
14584 14586
14587 14589
14590 14592
14593 14595
14596 14598
14599 14601
14602 14604
14605 14607
14608 14610
14611 14613
14614 14616
14617 14619
14620 14622
14623 14625
14626 14628
14629 14631
14632 14634
14635 14637
14638 14640
14641 14643
14644 14646
14647 14649
14650 14652
14653 14655
14656 14658
14659 14661
14662 14664
14665 14667
14668 14670
14671 14673
14674 14676
14677 14679
14680 14682
14683 14685
14686 14688
14689 14691
14692 14694
14695 14697
14698 14700
14701 14703
14704 14706
14707 14709
14710 14712
14713 14715
14716 14718
14719 14721
14722 14724
14725 14727
14728 14730
14731 14733
14734 14736
14737 14739
14740 14742
14743 14745
14746 14748
14749 14751
14752 14754
14755 14757
14758 14760
14761 14763
14764 14766
14767 14769
14770 14772
14773 14775
14776 14778
14779 14781
14782 14784
14785 14787
14788 14790
14791 14793
14794 14796
14797 14799
14800 14802
14803 14805
14806 14808
14809 14811
14812 14814
14815 14817
14818 14820
14821 14823
14824 14826
14827 14829
14830 14832
14833 14835
14836 14838
14839 14841
14842 14844
14845 14847
14848 14850
14851 14853
14854 14856
14857 14859
14860 14862
14863 14865
14866 14868
14869 14871
14872 14874
14875 14877
14878 14880
14881 14883
14884 14886
14887 14889
14890 14892
14893 14895
14896 14898
14899 14901
14902 14904
14905 14907
14908 14910
14911 14913
14914 14916
14917 14919
14920 14922
14923 14925
14926 14928
14929 14931
14932 14934
14935 14937
14938 14940
14941 14943
14944 14946
14947 14949
14950 14952
14953 14955
14956 14958
14959 14961
14962 14964
14965 14967
14968 14970
14971 14973
14974 14976
14977 14979
14980 14982
14983 14985
14986 14988
14989 14991
14992 14994
14995 14997
14998 15000
