50
1201 1203
1204 1206
1207 1209
1210 1212
1213 1215
1216 1218
1219 1221
1222 1224
1225 1227
1228 1230
1231 1233
1234 1236
1237 1239
1240 1242
1243 1245
1246 1248
1249 1251
1252 1254
1255 1257
1258 1260
1261 1263
1264 1266
1267 1269
1270 1272
1273 1275
1276 1278
1279 1281
1282 1284
1285 1287
1288 1290
1291 1293
1294 1296
1297 1299
1300 1302
1303 1305
1306 1308
1309 1311
1312 1314
1315 1317
1318 1320
1321 1323
1324 1326
1327 1329
1330 1332
1333 1335
1336 1338
1339 1341
1342 1344
1345 1347
1348 1350
