1000
9001 9003
9004 9006
9007 9009
9010 9012
9013 9015
9016 9018
9019 9021
9022 9024
9025 9027
9028 9030
9031 9033
9034 9036
9037 9039
9040 9042
9043 9045
9046 9048
9049 9051
9052 9054
9055 9057
9058 9060
9061 9063
9064 9066
9067 9069
9070 9072
9073 9075
9076 9078
9079 9081
9082 9084
9085 9087
9088 9090
9091 9093
9094 9096
9097 9099
9100 9102
9103 9105
9106 9108
9109 9111
9112 9114
9115 9117
9118 9120
9121 9123
9124 9126
9127 9129
9130 9132
9133 9135
9136 9138
9139 9141
9142 9144
9145 9147
9148 9150
9151 9153
9154 9156
9157 9159
9160 9162
9163 9165
9166 9168
9169 9171
9172 9174
9175 9177
9178 9180
9181 9183
9184 9186
9187 9189
9190 9192
9193 9195
9196 9198
9199 9201
9202 9204
9205 9207
9208 9210
9211 9213
9214 9216
9217 9219
9220 9222
9223 9225
9226 9228
9229 9231
9232 9234
9235 9237
9238 9240
9241 9243
9244 9246
9247 9249
9250 9252
9253 9255
9256 9258
9259 9261
9262 9264
9265 9267
9268 9270
9271 9273
9274 9276
9277 9279
9280 9282
9283 9285
9286 9288
9289 9291
9292 9294
9295 9297
9298 9300
9301 9303
9304 9306
9307 9309
9310 9312
9313 9315
9316 9318
9319 9321
9322 9324
9325 9327
9328 9330
9331 9333
9334 9336
9337 9339
9340 9342
9343 9345
9346 9348
9349 9351
9352 9354
9355 9357
9358 9360
9361 9363
9364 9366
9367 9369
9370 9372
9373 9375
9376 9378
9379 9381
9382 9384
9385 9387
9388 9390
9391 9393
9394 9396
9397 9399
9400 9402
9403 9405
9406 9408
9409 9411
9412 9414
9415 9417
9418 9420
9421 9423
9424 9426
9427 9429
9430 9432
9433 9435
9436 9438
9439 9441
9442 9444
9445 9447
9448 9450
9451 9453
9454 9456
9457 9459
9460 9462
9463 9465
9466 9468
9469 9471
9472 9474
9475 9477
9478 9480
9481 9483
9484 9486
9487 9489
9490 9492
9493 9495
9496 9498
9499 9501
9502 9504
9505 9507
9508 9510
9511 9513
9514 9516
9517 9519
9520 9522
9523 9525
9526 9528
9529 9531
9532 9534
9535 9537
9538 9540
9541 9543
9544 9546
9547 9549
9550 9552
9553 9555
9556 9558
9559 9561
9562 9564
9565 9567
9568 9570
9571 9573
9574 9576
9577 9579
9580 9582
9583 9585
9586 9588
9589 9591
9592 9594
9595 9597
9598 9600
9601 9603
9604 9606
9607 9609
9610 9612
9613 9615
9616 9618
9619 9621
9622 9624
9625 9627
9628 9630
9631 9633
9634 9636
9637 9639
9640 9642
9643 9645
9646 9648
9649 9651
9652 9654
9655 9657
9658 9660
9661 9663
9664 9666
9667 9669
9670 9672
9673 9675
9676 9678
9679 9681
9682 9684
9685 9687
9688 9690
9691 9693
9694 9696
9697 9699
9700 9702
9703 9705
9706 9708
9709 9711
9712 9714
9715 9717
9718 9720
9721 9723
9724 9726
9727 9729
9730 9732
9733 9735
9736 9738
9739 9741
9742 9744
9745 9747
9748 9750
9751 9753
9754 9756
9757 9759
9760 9762
9763 9765
9766 9768
9769 9771
9772 9774
9775 9777
9778 9780
9781 9783
9784 9786
9787 9789
9790 9792
9793 9795
9796 9798
9799 9801
9802 9804
9805 9807
9808 9810
9811 9813
9814 9816
9817 9819
9820 9822
9823 9825
9826 9828
9829 9831
9832 9834
9835 9837
9838 9840
9841 9843
9844 9846
9847 9849
9850 9852
9853 9855
9856 9858
9859 9861
9862 9864
9865 9867
9868 9870
9871 9873
9874 9876
9877 9879
9880 9882
9883 9885
9886 9888
9889 9891
9892 9894
9895 9897
9898 9900
9901 9903
9904 9906
9907 9909
9910 9912
9913 9915
9916 9918
9919 9921
9922 9924
9925 9927
9928 9930
9931 9933
9934 9936
9937 9939
9940 9942
9943 9945
9946 9948
9949 9951
9952 9954
9955 9957
9958 9960
9961 9963
9964 9966
9967 9969
9970 9972
9973 9975
9976 9978
9979 9981
9982 9984
9985 9987
9988 9990
9991 9993
9994 9996
9997 9999
10000 10002
10003 10005
10006 10008
10009 10011
10012 10014
10015 10017
10018 10020
10021 10023
10024 10026
10027 10029
10030 10032
10033 10035
10036 10038
10039 10041
10042 10044
10045 10047
10048 10050
10051 10053
10054 10056
10057 10059
10060 10062
10063 10065
10066 10068
10069 10071
10072 10074
10075 10077
10078 10080
10081 10083
10084 10086
10087 10089
10090 10092
10093 10095
10096 10098
10099 10101
10102 10104
10105 10107
10108 10110
10111 10113
10114 10116
10117 10119
10120 10122
10123 10125
10126 10128
10129 10131
10132 10134
10135 10137
10138 10140
10141 10143
10144 10146
10147 10149
10150 10152
10153 10155
10156 10158
10159 10161
10162 10164
10165 10167
10168 10170
10171 10173
10174 10176
10177 10179
10180 10182
10183 10185
10186 10188
10189 10191
10192 10194
10195 10197
10198 10200
10201 10203
10204 10206
10207 10209
10210 10212
10213 10215
10216 10218
10219 10221
10222 10224
10225 10227
10228 10230
10231 10233
10234 10236
10237 10239
10240 10242
10243 10245
10246 10248
10249 10251
10252 10254
10255 10257
10258 10260
10261 10263
10264 10266
10267 10269
10270 10272
10273 10275
10276 10278
10279 10281
10282 10284
10285 10287
10288 10290
10291 10293
10294 10296
10297 10299
10300 10302
10303 10305
10306 10308
10309 10311
10312 10314
10315 10317
10318 10320
10321 10323
10324 10326
10327 10329
10330 10332
10333 10335
10336 10338
10339 10341
10342 10344
10345 10347
10348 10350
10351 10353
10354 10356
10357 10359
10360 10362
10363 10365
10366 10368
10369 10371
10372 10374
10375 10377
10378 10380
10381 10383
10384 10386
10387 10389
10390 10392
10393 10395
10396 10398
10399 10401
10402 10404
10405 10407
10408 10410
10411 10413
10414 10416
10417 10419
10420 10422
10423 10425
10426 10428
10429 10431
10432 10434
10435 10437
10438 10440
10441 10443
10444 10446
10447 10449
10450 10452
10453 10455
10456 10458
10459 10461
10462 10464
10465 10467
10468 10470
10471 10473
10474 10476
10477 10479
10480 10482
10483 10485
10486 10488
10489 10491
10492 10494
10495 10497
10498 10500
10501 10503
10504 10506
10507 10509
10510 10512
10513 10515
10516 10518
10519 10521
10522 10524
10525 10527
10528 10530
10531 10533
10534 10536
10537 10539
10540 10542
10543 10545
10546 10548
10549 10551
10552 10554
10555 10557
10558 10560
10561 10563
10564 10566
10567 10569
10570 10572
10573 10575
10576 10578
10579 10581
10582 10584
10585 10587
10588 10590
10591 10593
10594 10596
10597 10599
10600 10602
10603 10605
10606 10608
10609 10611
10612 10614
10615 10617
10618 10620
10621 10623
10624 10626
10627 10629
10630 10632
10633 10635
10636 10638
10639 10641
10642 10644
10645 10647
10648 10650
10651 10653
10654 10656
10657 10659
10660 10662
10663 10665
10666 10668
10669 10671
10672 10674
10675 10677
10678 10680
10681 10683
10684 10686
10687 10689
10690 10692
10693 10695
10696 10698
10699 10701
10702 10704
10705 10707
10708 10710
10711 10713
10714 10716
10717 10719
10720 10722
10723 10725
10726 10728
10729 10731
10732 10734
10735 10737
10738 10740
10741 10743
10744 10746
10747 10749
10750 10752
10753 10755
10756 10758
10759 10761
10762 10764
10765 10767
10768 10770
10771 10773
10774 10776
10777 10779
10780 10782
10783 10785
10786 10788
10789 10791
10792 10794
10795 10797
10798 10800
10801 10803
10804 10806
10807 10809
10810 10812
10813 10815
10816 10818
10819 10821
10822 10824
10825 10827
10828 10830
10831 10833
10834 10836
10837 10839
10840 10842
10843 10845
10846 10848
10849 10851
10852 10854
10855 10857
10858 10860
10861 10863
10864 10866
10867 10869
10870 10872
10873 10875
10876 10878
10879 10881
10882 10884
10885 10887
10888 10890
10891 10893
10894 10896
10897 10899
10900 10902
10903 10905
10906 10908
10909 10911
10912 10914
10915 10917
10918 10920
10921 10923
10924 10926
10927 10929
10930 10932
10933 10935
10936 10938
10939 10941
10942 10944
10945 10947
10948 10950
10951 10953
10954 10956
10957 10959
10960 10962
10963 10965
10966 10968
10969 10971
10972 10974
10975 10977
10978 10980
10981 10983
10984 10986
10987 10989
10990 10992
10993 10995
10996 10998
10999 11001
11002 11004
11005 11007
11008 11010
11011 11013
11014 11016
11017 11019
11020 11022
11023 11025
11026 11028
11029 11031
11032 11034
11035 11037
11038 11040
11041 11043
11044 11046
11047 11049
11050 11052
11053 11055
11056 11058
11059 11061
11062 11064
11065 11067
11068 11070
11071 11073
11074 11076
11077 11079
11080 11082
11083 11085
11086 11088
11089 11091
11092 11094
11095 11097
11098 11100
11101 11103
11104 11106
11107 11109
11110 11112
11113 11115
11116 11118
11119 11121
11122 11124
11125 11127
11128 11130
11131 11133
11134 11136
11137 11139
11140 11142
11143 11145
11146 11148
11149 11151
11152 11154
11155 11157
11158 11160
11161 11163
11164 11166
11167 11169
11170 11172
11173 11175
11176 11178
11179 11181
11182 11184
11185 11187
11188 11190
11191 11193
11194 11196
11197 11199
11200 11202
11203 11205
11206 11208
11209 11211
11212 11214
11215 11217
11218 11220
11221 11223
11224 11226
11227 11229
11230 11232
11233 11235
11236 11238
11239 11241
11242 11244
11245 11247
11248 11250
11251 11253
11254 11256
11257 11259
11260 11262
11263 11265
11266 11268
11269 11271
11272 11274
11275 11277
11278 11280
11281 11283
11284 11286
11287 11289
11290 11292
11293 11295
11296 11298
11299 11301
11302 11304
11305 11307
11308 11310
11311 11313
11314 11316
11317 11319
11320 11322
11323 11325
11326 11328
11329 11331
11332 11334
11335 11337
11338 11340
11341 11343
11344 11346
11347 11349
11350 11352
11353 11355
11356 11358
11359 11361
11362 11364
11365 11367
11368 11370
11371 11373
11374 11376
11377 11379
11380 11382
11383 11385
11386 11388
11389 11391
11392 11394
11395 11397
11398 11400
11401 11403
11404 11406
11407 11409
11410 11412
11413 11415
11416 11418
11419 11421
11422 11424
11425 11427
11428 11430
11431 11433
11434 11436
11437 11439
11440 11442
11443 11445
11446 11448
11449 11451
11452 11454
11455 11457
11458 11460
11461 11463
11464 11466
11467 11469
11470 11472
11473 11475
11476 11478
11479 11481
11482 11484
11485 11487
11488 11490
11491 11493
11494 11496
11497 11499
11500 11502
11503 11505
11506 11508
11509 11511
11512 11514
11515 11517
11518 11520
11521 11523
11524 11526
11527 11529
11530 11532
11533 11535
11536 11538
11539 11541
11542 11544
11545 11547
11548 11550
11551 11553
11554 11556
11557 11559
11560 11562
11563 11565
11566 11568
11569 11571
11572 11574
11575 11577
11578 11580
11581 11583
11584 11586
11587 11589
11590 11592
11593 11595
11596 11598
11599 11601
11602 11604
11605 11607
11608 11610
11611 11613
11614 11616
11617 11619
11620 11622
11623 11625
11626 11628
11629 11631
11632 11634
11635 11637
11638 11640
11641 11643
11644 11646
11647 11649
11650 11652
11653 11655
11656 11658
11659 11661
11662 11664
11665 11667
11668 11670
11671 11673
11674 11676
11677 11679
11680 11682
11683 11685
11686 11688
11689 11691
11692 11694
11695 11697
11698 11700
11701 11703
11704 11706
11707 11709
11710 11712
11713 11715
11716 11718
11719 11721
11722 11724
11725 11727
11728 11730
11731 11733
11734 11736
11737 11739
11740 11742
11743 11745
11746 11748
11749 11751
11752 11754
11755 11757
11758 11760
11761 11763
11764 11766
11767 11769
11770 11772
11773 11775
11776 11778
11779 11781
11782 11784
11785 11787
11788 11790
11791 11793
11794 11796
11797 11799
11800 11802
11803 11805
11806 11808
11809 11811
11812 11814
11815 11817
11818 11820
11821 11823
11824 11826
11827 11829
11830 11832
11833 11835
11836 11838
11839 11841
11842 11844
11845 11847
11848 11850
11851 11853
11854 11856
11857 11859
11860 11862
11863 11865
11866 11868
11869 11871
11872 11874
11875 11877
11878 11880
11881 11883
11884 11886
11887 11889
11890 11892
11893 11895
11896 11898
11899 11901
11902 11904
11905 11907
11908 11910
11911 11913
11914 11916
11917 11919
11920 11922
11923 11925
11926 11928
11929 11931
11932 11934
11935 11937
11938 11940
11941 11943
11944 11946
11947 11949
11950 11952
11953 11955
11956 11958
11959 11961
11962 11964
11965 11967
11968 11970
11971 11973
11974 11976
11977 11979
11980 11982
11983 11985
11986 11988
11989 11991
11992 11994
11995 11997
11998 12000
