100
2101 2103
2104 2106
2107 2109
2110 2112
2113 2115
2116 2118
2119 2121
2122 2124
2125 2127
2128 2130
2131 2133
2134 2136
2137 2139
2140 2142
2143 2145
2146 2148
2149 2151
2152 2154
2155 2157
2158 2160
2161 2163
2164 2166
2167 2169
2170 2172
2173 2175
2176 2178
2179 2181
2182 2184
2185 2187
2188 2190
2191 2193
2194 2196
2197 2199
2200 2202
2203 2205
2206 2208
2209 2211
2212 2214
2215 2217
2218 2220
2221 2223
2224 2226
2227 2229
2230 2232
2233 2235
2236 2238
2239 2241
2242 2244
2245 2247
2248 2250
2251 2253
2254 2256
2257 2259
2260 2262
2263 2265
2266 2268
2269 2271
2272 2274
2275 2277
2278 2280
2281 2283
2284 2286
2287 2289
2290 2292
2293 2295
2296 2298
2299 2301
2302 2304
2305 2307
2308 2310
2311 2313
2314 2316
2317 2319
2320 2322
2323 2325
2326 2328
2329 2331
2332 2334
2335 2337
2338 2340
2341 2343
2344 2346
2347 2349
2350 2352
2353 2355
2356 2358
2359 2361
2362 2364
2365 2367
2368 2370
2371 2373
2374 2376
2377 2379
2380 2382
2383 2385
2386 2388
2389 2391
2392 2394
2395 2397
2398 2400
