200
2401 2403
2404 2406
2407 2409
2410 2412
2413 2415
2416 2418
2419 2421
2422 2424
2425 2427
2428 2430
2431 2433
2434 2436
2437 2439
2440 2442
2443 2445
2446 2448
2449 2451
2452 2454
2455 2457
2458 2460
2461 2463
2464 2466
2467 2469
2470 2472
2473 2475
2476 2478
2479 2481
2482 2484
2485 2487
2488 2490
2491 2493
2494 2496
2497 2499
2500 2502
2503 2505
2506 2508
2509 2511
2512 2514
2515 2517
2518 2520
2521 2523
2524 2526
2527 2529
2530 2532
2533 2535
2536 2538
2539 2541
2542 2544
2545 2547
2548 2550
2551 2553
2554 2556
2557 2559
2560 2562
2563 2565
2566 2568
2569 2571
2572 2574
2575 2577
2578 2580
2581 2583
2584 2586
2587 2589
2590 2592
2593 2595
2596 2598
2599 2601
2602 2604
2605 2607
2608 2610
2611 2613
2614 2616
2617 2619
2620 2622
2623 2625
2626 2628
2629 2631
2632 2634
2635 2637
2638 2640
2641 2643
2644 2646
2647 2649
2650 2652
2653 2655
2656 2658
2659 2661
2662 2664
2665 2667
2668 2670
2671 2673
2674 2676
2677 2679
2680 2682
2683 2685
2686 2688
2689 2691
2692 2694
2695 2697
2698 2700
2701 2703
2704 2706
2707 2709
2710 2712
2713 2715
2716 2718
2719 2721
2722 2724
2725 2727
2728 2730
2731 2733
2734 2736
2737 2739
2740 2742
2743 2745
2746 2748
2749 2751
2752 2754
2755 2757
2758 2760
2761 2763
2764 2766
2767 2769
2770 2772
2773 2775
2776 2778
2779 2781
2782 2784
2785 2787
2788 2790
2791 2793
2794 2796
2797 2799
2800 2802
2803 2805
2806 2808
2809 2811
2812 2814
2815 2817
2818 2820
2821 2823
2824 2826
2827 2829
2830 2832
2833 2835
2836 2838
2839 2841
2842 2844
2845 2847
2848 2850
2851 2853
2854 2856
2857 2859
2860 2862
2863 2865
2866 2868
2869 2871
2872 2874
2875 2877
2878 2880
2881 2883
2884 2886
2887 2889
2890 2892
2893 2895
2896 2898
2899 2901
2902 2904
2905 2907
2908 2910
2911 2913
2914 2916
2917 2919
2920 2922
2923 2925
2926 2928
2929 2931
2932 2934
2935 2937
2938 2940
2941 2943
2944 2946
2947 2949
2950 2952
2953 2955
2956 2958
2959 2961
2962 2964
2965 2967
2968 2970
2971 2973
2974 2976
2977 2979
2980 2982
2983 2985
2986 2988
2989 2991
2992 2994
2995 2997
2998 3000
