200
3601 3603
3604 3606
3607 3609
3610 3612
3613 3615
3616 3618
3619 3621
3622 3624
3625 3627
3628 3630
3631 3633
3634 3636
3637 3639
3640 3642
3643 3645
3646 3648
3649 3651
3652 3654
3655 3657
3658 3660
3661 3663
3664 3666
3667 3669
3670 3672
3673 3675
3676 3678
3679 3681
3682 3684
3685 3687
3688 3690
3691 3693
3694 3696
3697 3699
3700 3702
3703 3705
3706 3708
3709 3711
3712 3714
3715 3717
3718 3720
3721 3723
3724 3726
3727 3729
3730 3732
3733 3735
3736 3738
3739 3741
3742 3744
3745 3747
3748 3750
3751 3753
3754 3756
3757 3759
3760 3762
3763 3765
3766 3768
3769 3771
3772 3774
3775 3777
3778 3780
3781 3783
3784 3786
3787 3789
3790 3792
3793 3795
3796 3798
3799 3801
3802 3804
3805 3807
3808 3810
3811 3813
3814 3816
3817 3819
3820 3822
3823 3825
3826 3828
3829 3831
3832 3834
3835 3837
3838 3840
3841 3843
3844 3846
3847 3849
3850 3852
3853 3855
3856 3858
3859 3861
3862 3864
3865 3867
3868 3870
3871 3873
3874 3876
3877 3879
3880 3882
3883 3885
3886 3888
3889 3891
3892 3894
3895 3897
3898 3900
3901 3903
3904 3906
3907 3909
3910 3912
3913 3915
3916 3918
3919 3921
3922 3924
3925 3927
3928 3930
3931 3933
3934 3936
3937 3939
3940 3942
3943 3945
3946 3948
3949 3951
3952 3954
3955 3957
3958 3960
3961 3963
3964 3966
3967 3969
3970 3972
3973 3975
3976 3978
3979 3981
3982 3984
3985 3987
3988 3990
3991 3993
3994 3996
3997 3999
4000 4002
4003 4005
4006 4008
4009 4011
4012 4014
4015 4017
4018 4020
4021 4023
4024 4026
4027 4029
4030 4032
4033 4035
4036 4038
4039 4041
4042 4044
4045 4047
4048 4050
4051 4053
4054 4056
4057 4059
4060 4062
4063 4065
4066 4068
4069 4071
4072 4074
4075 4077
4078 4080
4081 4083
4084 4086
4087 4089
4090 4092
4093 4095
4096 4098
4099 4101
4102 4104
4105 4107
4108 4110
4111 4113
4114 4116
4117 4119
4120 4122
4123 4125
4126 4128
4129 4131
4132 4134
4135 4137
4138 4140
4141 4143
4144 4146
4147 4149
4150 4152
4153 4155
4156 4158
4159 4161
4162 4164
4165 4167
4168 4170
4171 4173
4174 4176
4177 4179
4180 4182
4183 4185
4186 4188
4189 4191
4192 4194
4195 4197
4198 4200
