100
1201 1203
1204 1206
1207 1209
1210 1212
1213 1215
1216 1218
1219 1221
1222 1224
1225 1227
1228 1230
1231 1233
1234 1236
1237 1239
1240 1242
1243 1245
1246 1248
1249 1251
1252 1254
1255 1257
1258 1260
1261 1263
1264 1266
1267 1269
1270 1272
1273 1275
1276 1278
1279 1281
1282 1284
1285 1287
1288 1290
1291 1293
1294 1296
1297 1299
1300 1302
1303 1305
1306 1308
1309 1311
1312 1314
1315 1317
1318 1320
1321 1323
1324 1326
1327 1329
1330 1332
1333 1335
1336 1338
1339 1341
1342 1344
1345 1347
1348 1350
1351 1353
1354 1356
1357 1359
1360 1362
1363 1365
1366 1368
1369 1371
1372 1374
1375 1377
1378 1380
1381 1383
1384 1386
1387 1389
1390 1392
1393 1395
1396 1398
1399 1401
1402 1404
1405 1407
1408 1410
1411 1413
1414 1416
1417 1419
1420 1422
1423 1425
1426 1428
1429 1431
1432 1434
1435 1437
1438 1440
1441 1443
1444 1446
1447 1449
1450 1452
1453 1455
1456 1458
1459 1461
1462 1464
1465 1467
1468 1470
1471 1473
1474 1476
1477 1479
1480 1482
1483 1485
1486 1488
1489 1491
1492 1494
1495 1497
1498 1500
