200
5401 5403
5404 5406
5407 5409
5410 5412
5413 5415
5416 5418
5419 5421
5422 5424
5425 5427
5428 5430
5431 5433
5434 5436
5437 5439
5440 5442
5443 5445
5446 5448
5449 5451
5452 5454
5455 5457
5458 5460
5461 5463
5464 5466
5467 5469
5470 5472
5473 5475
5476 5478
5479 5481
5482 5484
5485 5487
5488 5490
5491 5493
5494 5496
5497 5499
5500 5502
5503 5505
5506 5508
5509 5511
5512 5514
5515 5517
5518 5520
5521 5523
5524 5526
5527 5529
5530 5532
5533 5535
5536 5538
5539 5541
5542 5544
5545 5547
5548 5550
5551 5553
5554 5556
5557 5559
5560 5562
5563 5565
5566 5568
5569 5571
5572 5574
5575 5577
5578 5580
5581 5583
5584 5586
5587 5589
5590 5592
5593 5595
5596 5598
5599 5601
5602 5604
5605 5607
5608 5610
5611 5613
5614 5616
5617 5619
5620 5622
5623 5625
5626 5628
5629 5631
5632 5634
5635 5637
5638 5640
5641 5643
5644 5646
5647 5649
5650 5652
5653 5655
5656 5658
5659 5661
5662 5664
5665 5667
5668 5670
5671 5673
5674 5676
5677 5679
5680 5682
5683 5685
5686 5688
5689 5691
5692 5694
5695 5697
5698 5700
5701 5703
5704 5706
5707 5709
5710 5712
5713 5715
5716 5718
5719 5721
5722 5724
5725 5727
5728 5730
5731 5733
5734 5736
5737 5739
5740 5742
5743 5745
5746 5748
5749 5751
5752 5754
5755 5757
5758 5760
5761 5763
5764 5766
5767 5769
5770 5772
5773 5775
5776 5778
5779 5781
5782 5784
5785 5787
5788 5790
5791 5793
5794 5796
5797 5799
5800 5802
5803 5805
5806 5808
5809 5811
5812 5814
5815 5817
5818 5820
5821 5823
5824 5826
5827 5829
5830 5832
5833 5835
5836 5838
5839 5841
5842 5844
5845 5847
5848 5850
5851 5853
5854 5856
5857 5859
5860 5862
5863 5865
5866 5868
5869 5871
5872 5874
5875 5877
5878 5880
5881 5883
5884 5886
5887 5889
5890 5892
5893 5895
5896 5898
5899 5901
5902 5904
5905 5907
5908 5910
5911 5913
5914 5916
5917 5919
5920 5922
5923 5925
5926 5928
5929 5931
5932 5934
5935 5937
5938 5940
5941 5943
5944 5946
5947 5949
5950 5952
5953 5955
5956 5958
5959 5961
5962 5964
5965 5967
5968 5970
5971 5973
5974 5976
5977 5979
5980 5982
5983 5985
5986 5988
5989 5991
5992 5994
5995 5997
5998 6000
