200
0 3
4 6
7 9
10 12
13 15
16 18
19 21
22 24
25 27
28 30
31 33
34 36
37 39
40 42
43 45
46 48
49 51
52 54
55 57
58 60
61 63
64 66
67 69
70 72
73 75
76 78
79 81
82 84
85 87
88 90
91 93
94 96
97 99
100 102
103 105
106 108
109 111
112 114
115 117
118 120
121 123
124 126
127 129
130 132
133 135
136 138
139 141
142 144
145 147
148 150
151 153
154 156
157 159
160 162
163 165
166 168
169 171
172 174
175 177
178 180
181 183
184 186
187 189
190 192
193 195
196 198
199 201
202 204
205 207
208 210
211 213
214 216
217 219
220 222
223 225
226 228
229 231
232 234
235 237
238 240
241 243
244 246
247 249
250 252
253 255
256 258
259 261
262 264
265 267
268 270
271 273
274 276
277 279
280 282
283 285
286 288
289 291
292 294
295 297
298 300
301 303
304 306
307 309
310 312
313 315
316 318
319 321
322 324
325 327
328 330
331 333
334 336
337 339
340 342
343 345
346 348
349 351
352 354
355 357
358 360
361 363
364 366
367 369
370 372
373 375
376 378
379 381
382 384
385 387
388 390
391 393
394 396
397 399
400 402
403 405
406 408
409 411
412 414
415 417
418 420
421 423
424 426
427 429
430 432
433 435
436 438
439 441
442 444
445 447
448 450
451 453
454 456
457 459
460 462
463 465
466 468
469 471
472 474
475 477
478 480
481 483
484 486
487 489
490 492
493 495
496 498
499 501
502 504
505 507
508 510
511 513
514 516
517 519
520 522
523 525
526 528
529 531
532 534
535 537
538 540
541 543
544 546
547 549
550 552
553 555
556 558
559 561
562 564
565 567
568 570
571 573
574 576
577 579
580 582
583 585
586 588
589 591
592 594
595 597
598 600
