200
1801 1803
1804 1806
1807 1809
1810 1812
1813 1815
1816 1818
1819 1821
1822 1824
1825 1827
1828 1830
1831 1833
1834 1836
1837 1839
1840 1842
1843 1845
1846 1848
1849 1851
1852 1854
1855 1857
1858 1860
1861 1863
1864 1866
1867 1869
1870 1872
1873 1875
1876 1878
1879 1881
1882 1884
1885 1887
1888 1890
1891 1893
1894 1896
1897 1899
1900 1902
1903 1905
1906 1908
1909 1911
1912 1914
1915 1917
1918 1920
1921 1923
1924 1926
1927 1929
1930 1932
1933 1935
1936 1938
1939 1941
1942 1944
1945 1947
1948 1950
1951 1953
1954 1956
1957 1959
1960 1962
1963 1965
1966 1968
1969 1971
1972 1974
1975 1977
1978 1980
1981 1983
1984 1986
1987 1989
1990 1992
1993 1995
1996 1998
1999 2001
2002 2004
2005 2007
2008 2010
2011 2013
2014 2016
2017 2019
2020 2022
2023 2025
2026 2028
2029 2031
2032 2034
2035 2037
2038 2040
2041 2043
2044 2046
2047 2049
2050 2052
2053 2055
2056 2058
2059 2061
2062 2064
2065 2067
2068 2070
2071 2073
2074 2076
2077 2079
2080 2082
2083 2085
2086 2088
2089 2091
2092 2094
2095 2097
2098 2100
2101 2103
2104 2106
2107 2109
2110 2112
2113 2115
2116 2118
2119 2121
2122 2124
2125 2127
2128 2130
2131 2133
2134 2136
2137 2139
2140 2142
2143 2145
2146 2148
2149 2151
2152 2154
2155 2157
2158 2160
2161 2163
2164 2166
2167 2169
2170 2172
2173 2175
2176 2178
2179 2181
2182 2184
2185 2187
2188 2190
2191 2193
2194 2196
2197 2199
2200 2202
2203 2205
2206 2208
2209 2211
2212 2214
2215 2217
2218 2220
2221 2223
2224 2226
2227 2229
2230 2232
2233 2235
2236 2238
2239 2241
2242 2244
2245 2247
2248 2250
2251 2253
2254 2256
2257 2259
2260 2262
2263 2265
2266 2268
2269 2271
2272 2274
2275 2277
2278 2280
2281 2283
2284 2286
2287 2289
2290 2292
2293 2295
2296 2298
2299 2301
2302 2304
2305 2307
2308 2310
2311 2313
2314 2316
2317 2319
2320 2322
2323 2325
2326 2328
2329 2331
2332 2334
2335 2337
2338 2340
2341 2343
2344 2346
2347 2349
2350 2352
2353 2355
2356 2358
2359 2361
2362 2364
2365 2367
2368 2370
2371 2373
2374 2376
2377 2379
2380 2382
2383 2385
2386 2388
2389 2391
2392 2394
2395 2397
2398 2400
