100
601 603
604 606
607 609
610 612
613 615
616 618
619 621
622 624
625 627
628 630
631 633
634 636
637 639
640 642
643 645
646 648
649 651
652 654
655 657
658 660
661 663
664 666
667 669
670 672
673 675
676 678
679 681
682 684
685 687
688 690
691 693
694 696
697 699
700 702
703 705
706 708
709 711
712 714
715 717
718 720
721 723
724 726
727 729
730 732
733 735
736 738
739 741
742 744
745 747
748 750
751 753
754 756
757 759
760 762
763 765
766 768
769 771
772 774
775 777
778 780
781 783
784 786
787 789
790 792
793 795
796 798
799 801
802 804
805 807
808 810
811 813
814 816
817 819
820 822
823 825
826 828
829 831
832 834
835 837
838 840
841 843
844 846
847 849
850 852
853 855
856 858
859 861
862 864
865 867
868 870
871 873
874 876
877 879
880 882
883 885
886 888
889 891
892 894
895 897
898 900
