1000
27001 27003
27004 27006
27007 27009
27010 27012
27013 27015
27016 27018
27019 27021
27022 27024
27025 27027
27028 27030
27031 27033
27034 27036
27037 27039
27040 27042
27043 27045
27046 27048
27049 27051
27052 27054
27055 27057
27058 27060
27061 27063
27064 27066
27067 27069
27070 27072
27073 27075
27076 27078
27079 27081
27082 27084
27085 27087
27088 27090
27091 27093
27094 27096
27097 27099
27100 27102
27103 27105
27106 27108
27109 27111
27112 27114
27115 27117
27118 27120
27121 27123
27124 27126
27127 27129
27130 27132
27133 27135
27136 27138
27139 27141
27142 27144
27145 27147
27148 27150
27151 27153
27154 27156
27157 27159
27160 27162
27163 27165
27166 27168
27169 27171
27172 27174
27175 27177
27178 27180
27181 27183
27184 27186
27187 27189
27190 27192
27193 27195
27196 27198
27199 27201
27202 27204
27205 27207
27208 27210
27211 27213
27214 27216
27217 27219
27220 27222
27223 27225
27226 27228
27229 27231
27232 27234
27235 27237
27238 27240
27241 27243
27244 27246
27247 27249
27250 27252
27253 27255
27256 27258
27259 27261
27262 27264
27265 27267
27268 27270
27271 27273
27274 27276
27277 27279
27280 27282
27283 27285
27286 27288
27289 27291
27292 27294
27295 27297
27298 27300
27301 27303
27304 27306
27307 27309
27310 27312
27313 27315
27316 27318
27319 27321
27322 27324
27325 27327
27328 27330
27331 27333
27334 27336
27337 27339
27340 27342
27343 27345
27346 27348
27349 27351
27352 27354
27355 27357
27358 27360
27361 27363
27364 27366
27367 27369
27370 27372
27373 27375
27376 27378
27379 27381
27382 27384
27385 27387
27388 27390
27391 27393
27394 27396
27397 27399
27400 27402
27403 27405
27406 27408
27409 27411
27412 27414
27415 27417
27418 27420
27421 27423
27424 27426
27427 27429
27430 27432
27433 27435
27436 27438
27439 27441
27442 27444
27445 27447
27448 27450
27451 27453
27454 27456
27457 27459
27460 27462
27463 27465
27466 27468
27469 27471
27472 27474
27475 27477
27478 27480
27481 27483
27484 27486
27487 27489
27490 27492
27493 27495
27496 27498
27499 27501
27502 27504
27505 27507
27508 27510
27511 27513
27514 27516
27517 27519
27520 27522
27523 27525
27526 27528
27529 27531
27532 27534
27535 27537
27538 27540
27541 27543
27544 27546
27547 27549
27550 27552
27553 27555
27556 27558
27559 27561
27562 27564
27565 27567
27568 27570
27571 27573
27574 27576
27577 27579
27580 27582
27583 27585
27586 27588
27589 27591
27592 27594
27595 27597
27598 27600
27601 27603
27604 27606
27607 27609
27610 27612
27613 27615
27616 27618
27619 27621
27622 27624
27625 27627
27628 27630
27631 27633
27634 27636
27637 27639
27640 27642
27643 27645
27646 27648
27649 27651
27652 27654
27655 27657
27658 27660
27661 27663
27664 27666
27667 27669
27670 27672
27673 27675
27676 27678
27679 27681
27682 27684
27685 27687
27688 27690
27691 27693
27694 27696
27697 27699
27700 27702
27703 27705
27706 27708
27709 27711
27712 27714
27715 27717
27718 27720
27721 27723
27724 27726
27727 27729
27730 27732
27733 27735
27736 27738
27739 27741
27742 27744
27745 27747
27748 27750
27751 27753
27754 27756
27757 27759
27760 27762
27763 27765
27766 27768
27769 27771
27772 27774
27775 27777
27778 27780
27781 27783
27784 27786
27787 27789
27790 27792
27793 27795
27796 27798
27799 27801
27802 27804
27805 27807
27808 27810
27811 27813
27814 27816
27817 27819
27820 27822
27823 27825
27826 27828
27829 27831
27832 27834
27835 27837
27838 27840
27841 27843
27844 27846
27847 27849
27850 27852
27853 27855
27856 27858
27859 27861
27862 27864
27865 27867
27868 27870
27871 27873
27874 27876
27877 27879
27880 27882
27883 27885
27886 27888
27889 27891
27892 27894
27895 27897
27898 27900
27901 27903
27904 27906
27907 27909
27910 27912
27913 27915
27916 27918
27919 27921
27922 27924
27925 27927
27928 27930
27931 27933
27934 27936
27937 27939
27940 27942
27943 27945
27946 27948
27949 27951
27952 27954
27955 27957
27958 27960
27961 27963
27964 27966
27967 27969
27970 27972
27973 27975
27976 27978
27979 27981
27982 27984
27985 27987
27988 27990
27991 27993
27994 27996
27997 27999
28000 28002
28003 28005
28006 28008
28009 28011
28012 28014
28015 28017
28018 28020
28021 28023
28024 28026
28027 28029
28030 28032
28033 28035
28036 28038
28039 28041
28042 28044
28045 28047
28048 28050
28051 28053
28054 28056
28057 28059
28060 28062
28063 28065
28066 28068
28069 28071
28072 28074
28075 28077
28078 28080
28081 28083
28084 28086
28087 28089
28090 28092
28093 28095
28096 28098
28099 28101
28102 28104
28105 28107
28108 28110
28111 28113
28114 28116
28117 28119
28120 28122
28123 28125
28126 28128
28129 28131
28132 28134
28135 28137
28138 28140
28141 28143
28144 28146
28147 28149
28150 28152
28153 28155
28156 28158
28159 28161
28162 28164
28165 28167
28168 28170
28171 28173
28174 28176
28177 28179
28180 28182
28183 28185
28186 28188
28189 28191
28192 28194
28195 28197
28198 28200
28201 28203
28204 28206
28207 28209
28210 28212
28213 28215
28216 28218
28219 28221
28222 28224
28225 28227
28228 28230
28231 28233
28234 28236
28237 28239
28240 28242
28243 28245
28246 28248
28249 28251
28252 28254
28255 28257
28258 28260
28261 28263
28264 28266
28267 28269
28270 28272
28273 28275
28276 28278
28279 28281
28282 28284
28285 28287
28288 28290
28291 28293
28294 28296
28297 28299
28300 28302
28303 28305
28306 28308
28309 28311
28312 28314
28315 28317
28318 28320
28321 28323
28324 28326
28327 28329
28330 28332
28333 28335
28336 28338
28339 28341
28342 28344
28345 28347
28348 28350
28351 28353
28354 28356
28357 28359
28360 28362
28363 28365
28366 28368
28369 28371
28372 28374
28375 28377
28378 28380
28381 28383
28384 28386
28387 28389
28390 28392
28393 28395
28396 28398
28399 28401
28402 28404
28405 28407
28408 28410
28411 28413
28414 28416
28417 28419
28420 28422
28423 28425
28426 28428
28429 28431
28432 28434
28435 28437
28438 28440
28441 28443
28444 28446
28447 28449
28450 28452
28453 28455
28456 28458
28459 28461
28462 28464
28465 28467
28468 28470
28471 28473
28474 28476
28477 28479
28480 28482
28483 28485
28486 28488
28489 28491
28492 28494
28495 28497
28498 28500
28501 28503
28504 28506
28507 28509
28510 28512
28513 28515
28516 28518
28519 28521
28522 28524
28525 28527
28528 28530
28531 28533
28534 28536
28537 28539
28540 28542
28543 28545
28546 28548
28549 28551
28552 28554
28555 28557
28558 28560
28561 28563
28564 28566
28567 28569
28570 28572
28573 28575
28576 28578
28579 28581
28582 28584
28585 28587
28588 28590
28591 28593
28594 28596
28597 28599
28600 28602
28603 28605
28606 28608
28609 28611
28612 28614
28615 28617
28618 28620
28621 28623
28624 28626
28627 28629
28630 28632
28633 28635
28636 28638
28639 28641
28642 28644
28645 28647
28648 28650
28651 28653
28654 28656
28657 28659
28660 28662
28663 28665
28666 28668
28669 28671
28672 28674
28675 28677
28678 28680
28681 28683
28684 28686
28687 28689
28690 28692
28693 28695
28696 28698
28699 28701
28702 28704
28705 28707
28708 28710
28711 28713
28714 28716
28717 28719
28720 28722
28723 28725
28726 28728
28729 28731
28732 28734
28735 28737
28738 28740
28741 28743
28744 28746
28747 28749
28750 28752
28753 28755
28756 28758
28759 28761
28762 28764
28765 28767
28768 28770
28771 28773
28774 28776
28777 28779
28780 28782
28783 28785
28786 28788
28789 28791
28792 28794
28795 28797
28798 28800
28801 28803
28804 28806
28807 28809
28810 28812
28813 28815
28816 28818
28819 28821
28822 28824
28825 28827
28828 28830
28831 28833
28834 28836
28837 28839
28840 28842
28843 28845
28846 28848
28849 28851
28852 28854
28855 28857
28858 28860
28861 28863
28864 28866
28867 28869
28870 28872
28873 28875
28876 28878
28879 28881
28882 28884
28885 28887
28888 28890
28891 28893
28894 28896
28897 28899
28900 28902
28903 28905
28906 28908
28909 28911
28912 28914
28915 28917
28918 28920
28921 28923
28924 28926
28927 28929
28930 28932
28933 28935
28936 28938
28939 28941
28942 28944
28945 28947
28948 28950
28951 28953
28954 28956
28957 28959
28960 28962
28963 28965
28966 28968
28969 28971
28972 28974
28975 28977
28978 28980
28981 28983
28984 28986
28987 28989
28990 28992
28993 28995
28996 28998
28999 29001
29002 29004
29005 29007
29008 29010
29011 29013
29014 29016
29017 29019
29020 29022
29023 29025
29026 29028
29029 29031
29032 29034
29035 29037
29038 29040
29041 29043
29044 29046
29047 29049
29050 29052
29053 29055
29056 29058
29059 29061
29062 29064
29065 29067
29068 29070
29071 29073
29074 29076
29077 29079
29080 29082
29083 29085
29086 29088
29089 29091
29092 29094
29095 29097
29098 29100
29101 29103
29104 29106
29107 29109
29110 29112
29113 29115
29116 29118
29119 29121
29122 29124
29125 29127
29128 29130
29131 29133
29134 29136
29137 29139
29140 29142
29143 29145
29146 29148
29149 29151
29152 29154
29155 29157
29158 29160
29161 29163
29164 29166
29167 29169
29170 29172
29173 29175
29176 29178
29179 29181
29182 29184
29185 29187
29188 29190
29191 29193
29194 29196
29197 29199
29200 29202
29203 29205
29206 29208
29209 29211
29212 29214
29215 29217
29218 29220
29221 29223
29224 29226
29227 29229
29230 29232
29233 29235
29236 29238
29239 29241
29242 29244
29245 29247
29248 29250
29251 29253
29254 29256
29257 29259
29260 29262
29263 29265
29266 29268
29269 29271
29272 29274
29275 29277
29278 29280
29281 29283
29284 29286
29287 29289
29290 29292
29293 29295
29296 29298
29299 29301
29302 29304
29305 29307
29308 29310
29311 29313
29314 29316
29317 29319
29320 29322
29323 29325
29326 29328
29329 29331
29332 29334
29335 29337
29338 29340
29341 29343
29344 29346
29347 29349
29350 29352
29353 29355
29356 29358
29359 29361
29362 29364
29365 29367
29368 29370
29371 29373
29374 29376
29377 29379
29380 29382
29383 29385
29386 29388
29389 29391
29392 29394
29395 29397
29398 29400
29401 29403
29404 29406
29407 29409
29410 29412
29413 29415
29416 29418
29419 29421
29422 29424
29425 29427
29428 29430
29431 29433
29434 29436
29437 29439
29440 29442
29443 29445
29446 29448
29449 29451
29452 29454
29455 29457
29458 29460
29461 29463
29464 29466
29467 29469
29470 29472
29473 29475
29476 29478
29479 29481
29482 29484
29485 29487
29488 29490
29491 29493
29494 29496
29497 29499
29500 29502
29503 29505
29506 29508
29509 29511
29512 29514
29515 29517
29518 29520
29521 29523
29524 29526
29527 29529
29530 29532
29533 29535
29536 29538
29539 29541
29542 29544
29545 29547
29548 29550
29551 29553
29554 29556
29557 29559
29560 29562
29563 29565
29566 29568
29569 29571
29572 29574
29575 29577
29578 29580
29581 29583
29584 29586
29587 29589
29590 29592
29593 29595
29596 29598
29599 29601
29602 29604
29605 29607
29608 29610
29611 29613
29614 29616
29617 29619
29620 29622
29623 29625
29626 29628
29629 29631
29632 29634
29635 29637
29638 29640
29641 29643
29644 29646
29647 29649
29650 29652
29653 29655
29656 29658
29659 29661
29662 29664
29665 29667
29668 29670
29671 29673
29674 29676
29677 29679
29680 29682
29683 29685
29686 29688
29689 29691
29692 29694
29695 29697
29698 29700
29701 29703
29704 29706
29707 29709
29710 29712
29713 29715
29716 29718
29719 29721
29722 29724
29725 29727
29728 29730
29731 29733
29734 29736
29737 29739
29740 29742
29743 29745
29746 29748
29749 29751
29752 29754
29755 29757
29758 29760
29761 29763
29764 29766
29767 29769
29770 29772
29773 29775
29776 29778
29779 29781
29782 29784
29785 29787
29788 29790
29791 29793
29794 29796
29797 29799
29800 29802
29803 29805
29806 29808
29809 29811
29812 29814
29815 29817
29818 29820
29821 29823
29824 29826
29827 29829
29830 29832
29833 29835
29836 29838
29839 29841
29842 29844
29845 29847
29848 29850
29851 29853
29854 29856
29857 29859
29860 29862
29863 29865
29866 29868
29869 29871
29872 29874
29875 29877
29878 29880
29881 29883
29884 29886
29887 29889
29890 29892
29893 29895
29896 29898
29899 29901
29902 29904
29905 29907
29908 29910
29911 29913
29914 29916
29917 29919
29920 29922
29923 29925
29926 29928
29929 29931
29932 29934
29935 29937
29938 29940
29941 29943
29944 29946
29947 29949
29950 29952
29953 29955
29956 29958
29959 29961
29962 29964
29965 29967
29968 29970
29971 29973
29974 29976
29977 29979
29980 29982
29983 29985
29986 29988
29989 29991
29992 29994
29995 29997
29998 30000
