100
2701 2703
2704 2706
2707 2709
2710 2712
2713 2715
2716 2718
2719 2721
2722 2724
2725 2727
2728 2730
2731 2733
2734 2736
2737 2739
2740 2742
2743 2745
2746 2748
2749 2751
2752 2754
2755 2757
2758 2760
2761 2763
2764 2766
2767 2769
2770 2772
2773 2775
2776 2778
2779 2781
2782 2784
2785 2787
2788 2790
2791 2793
2794 2796
2797 2799
2800 2802
2803 2805
2806 2808
2809 2811
2812 2814
2815 2817
2818 2820
2821 2823
2824 2826
2827 2829
2830 2832
2833 2835
2836 2838
2839 2841
2842 2844
2845 2847
2848 2850
2851 2853
2854 2856
2857 2859
2860 2862
2863 2865
2866 2868
2869 2871
2872 2874
2875 2877
2878 2880
2881 2883
2884 2886
2887 2889
2890 2892
2893 2895
2896 2898
2899 2901
2902 2904
2905 2907
2908 2910
2911 2913
2914 2916
2917 2919
2920 2922
2923 2925
2926 2928
2929 2931
2932 2934
2935 2937
2938 2940
2941 2943
2944 2946
2947 2949
2950 2952
2953 2955
2956 2958
2959 2961
2962 2964
2965 2967
2968 2970
2971 2973
2974 2976
2977 2979
2980 2982
2983 2985
2986 2988
2989 2991
2992 2994
2995 2997
2998 3000
