100
2401 2403
2404 2406
2407 2409
2410 2412
2413 2415
2416 2418
2419 2421
2422 2424
2425 2427
2428 2430
2431 2433
2434 2436
2437 2439
2440 2442
2443 2445
2446 2448
2449 2451
2452 2454
2455 2457
2458 2460
2461 2463
2464 2466
2467 2469
2470 2472
2473 2475
2476 2478
2479 2481
2482 2484
2485 2487
2488 2490
2491 2493
2494 2496
2497 2499
2500 2502
2503 2505
2506 2508
2509 2511
2512 2514
2515 2517
2518 2520
2521 2523
2524 2526
2527 2529
2530 2532
2533 2535
2536 2538
2539 2541
2542 2544
2545 2547
2548 2550
2551 2553
2554 2556
2557 2559
2560 2562
2563 2565
2566 2568
2569 2571
2572 2574
2575 2577
2578 2580
2581 2583
2584 2586
2587 2589
2590 2592
2593 2595
2596 2598
2599 2601
2602 2604
2605 2607
2608 2610
2611 2613
2614 2616
2617 2619
2620 2622
2623 2625
2626 2628
2629 2631
2632 2634
2635 2637
2638 2640
2641 2643
2644 2646
2647 2649
2650 2652
2653 2655
2656 2658
2659 2661
2662 2664
2665 2667
2668 2670
2671 2673
2674 2676
2677 2679
2680 2682
2683 2685
2686 2688
2689 2691
2692 2694
2695 2697
2698 2700
