1000
21001 21003
21004 21006
21007 21009
21010 21012
21013 21015
21016 21018
21019 21021
21022 21024
21025 21027
21028 21030
21031 21033
21034 21036
21037 21039
21040 21042
21043 21045
21046 21048
21049 21051
21052 21054
21055 21057
21058 21060
21061 21063
21064 21066
21067 21069
21070 21072
21073 21075
21076 21078
21079 21081
21082 21084
21085 21087
21088 21090
21091 21093
21094 21096
21097 21099
21100 21102
21103 21105
21106 21108
21109 21111
21112 21114
21115 21117
21118 21120
21121 21123
21124 21126
21127 21129
21130 21132
21133 21135
21136 21138
21139 21141
21142 21144
21145 21147
21148 21150
21151 21153
21154 21156
21157 21159
21160 21162
21163 21165
21166 21168
21169 21171
21172 21174
21175 21177
21178 21180
21181 21183
21184 21186
21187 21189
21190 21192
21193 21195
21196 21198
21199 21201
21202 21204
21205 21207
21208 21210
21211 21213
21214 21216
21217 21219
21220 21222
21223 21225
21226 21228
21229 21231
21232 21234
21235 21237
21238 21240
21241 21243
21244 21246
21247 21249
21250 21252
21253 21255
21256 21258
21259 21261
21262 21264
21265 21267
21268 21270
21271 21273
21274 21276
21277 21279
21280 21282
21283 21285
21286 21288
21289 21291
21292 21294
21295 21297
21298 21300
21301 21303
21304 21306
21307 21309
21310 21312
21313 21315
21316 21318
21319 21321
21322 21324
21325 21327
21328 21330
21331 21333
21334 21336
21337 21339
21340 21342
21343 21345
21346 21348
21349 21351
21352 21354
21355 21357
21358 21360
21361 21363
21364 21366
21367 21369
21370 21372
21373 21375
21376 21378
21379 21381
21382 21384
21385 21387
21388 21390
21391 21393
21394 21396
21397 21399
21400 21402
21403 21405
21406 21408
21409 21411
21412 21414
21415 21417
21418 21420
21421 21423
21424 21426
21427 21429
21430 21432
21433 21435
21436 21438
21439 21441
21442 21444
21445 21447
21448 21450
21451 21453
21454 21456
21457 21459
21460 21462
21463 21465
21466 21468
21469 21471
21472 21474
21475 21477
21478 21480
21481 21483
21484 21486
21487 21489
21490 21492
21493 21495
21496 21498
21499 21501
21502 21504
21505 21507
21508 21510
21511 21513
21514 21516
21517 21519
21520 21522
21523 21525
21526 21528
21529 21531
21532 21534
21535 21537
21538 21540
21541 21543
21544 21546
21547 21549
21550 21552
21553 21555
21556 21558
21559 21561
21562 21564
21565 21567
21568 21570
21571 21573
21574 21576
21577 21579
21580 21582
21583 21585
21586 21588
21589 21591
21592 21594
21595 21597
21598 21600
21601 21603
21604 21606
21607 21609
21610 21612
21613 21615
21616 21618
21619 21621
21622 21624
21625 21627
21628 21630
21631 21633
21634 21636
21637 21639
21640 21642
21643 21645
21646 21648
21649 21651
21652 21654
21655 21657
21658 21660
21661 21663
21664 21666
21667 21669
21670 21672
21673 21675
21676 21678
21679 21681
21682 21684
21685 21687
21688 21690
21691 21693
21694 21696
21697 21699
21700 21702
21703 21705
21706 21708
21709 21711
21712 21714
21715 21717
21718 21720
21721 21723
21724 21726
21727 21729
21730 21732
21733 21735
21736 21738
21739 21741
21742 21744
21745 21747
21748 21750
21751 21753
21754 21756
21757 21759
21760 21762
21763 21765
21766 21768
21769 21771
21772 21774
21775 21777
21778 21780
21781 21783
21784 21786
21787 21789
21790 21792
21793 21795
21796 21798
21799 21801
21802 21804
21805 21807
21808 21810
21811 21813
21814 21816
21817 21819
21820 21822
21823 21825
21826 21828
21829 21831
21832 21834
21835 21837
21838 21840
21841 21843
21844 21846
21847 21849
21850 21852
21853 21855
21856 21858
21859 21861
21862 21864
21865 21867
21868 21870
21871 21873
21874 21876
21877 21879
21880 21882
21883 21885
21886 21888
21889 21891
21892 21894
21895 21897
21898 21900
21901 21903
21904 21906
21907 21909
21910 21912
21913 21915
21916 21918
21919 21921
21922 21924
21925 21927
21928 21930
21931 21933
21934 21936
21937 21939
21940 21942
21943 21945
21946 21948
21949 21951
21952 21954
21955 21957
21958 21960
21961 21963
21964 21966
21967 21969
21970 21972
21973 21975
21976 21978
21979 21981
21982 21984
21985 21987
21988 21990
21991 21993
21994 21996
21997 21999
22000 22002
22003 22005
22006 22008
22009 22011
22012 22014
22015 22017
22018 22020
22021 22023
22024 22026
22027 22029
22030 22032
22033 22035
22036 22038
22039 22041
22042 22044
22045 22047
22048 22050
22051 22053
22054 22056
22057 22059
22060 22062
22063 22065
22066 22068
22069 22071
22072 22074
22075 22077
22078 22080
22081 22083
22084 22086
22087 22089
22090 22092
22093 22095
22096 22098
22099 22101
22102 22104
22105 22107
22108 22110
22111 22113
22114 22116
22117 22119
22120 22122
22123 22125
22126 22128
22129 22131
22132 22134
22135 22137
22138 22140
22141 22143
22144 22146
22147 22149
22150 22152
22153 22155
22156 22158
22159 22161
22162 22164
22165 22167
22168 22170
22171 22173
22174 22176
22177 22179
22180 22182
22183 22185
22186 22188
22189 22191
22192 22194
22195 22197
22198 22200
22201 22203
22204 22206
22207 22209
22210 22212
22213 22215
22216 22218
22219 22221
22222 22224
22225 22227
22228 22230
22231 22233
22234 22236
22237 22239
22240 22242
22243 22245
22246 22248
22249 22251
22252 22254
22255 22257
22258 22260
22261 22263
22264 22266
22267 22269
22270 22272
22273 22275
22276 22278
22279 22281
22282 22284
22285 22287
22288 22290
22291 22293
22294 22296
22297 22299
22300 22302
22303 22305
22306 22308
22309 22311
22312 22314
22315 22317
22318 22320
22321 22323
22324 22326
22327 22329
22330 22332
22333 22335
22336 22338
22339 22341
22342 22344
22345 22347
22348 22350
22351 22353
22354 22356
22357 22359
22360 22362
22363 22365
22366 22368
22369 22371
22372 22374
22375 22377
22378 22380
22381 22383
22384 22386
22387 22389
22390 22392
22393 22395
22396 22398
22399 22401
22402 22404
22405 22407
22408 22410
22411 22413
22414 22416
22417 22419
22420 22422
22423 22425
22426 22428
22429 22431
22432 22434
22435 22437
22438 22440
22441 22443
22444 22446
22447 22449
22450 22452
22453 22455
22456 22458
22459 22461
22462 22464
22465 22467
22468 22470
22471 22473
22474 22476
22477 22479
22480 22482
22483 22485
22486 22488
22489 22491
22492 22494
22495 22497
22498 22500
22501 22503
22504 22506
22507 22509
22510 22512
22513 22515
22516 22518
22519 22521
22522 22524
22525 22527
22528 22530
22531 22533
22534 22536
22537 22539
22540 22542
22543 22545
22546 22548
22549 22551
22552 22554
22555 22557
22558 22560
22561 22563
22564 22566
22567 22569
22570 22572
22573 22575
22576 22578
22579 22581
22582 22584
22585 22587
22588 22590
22591 22593
22594 22596
22597 22599
22600 22602
22603 22605
22606 22608
22609 22611
22612 22614
22615 22617
22618 22620
22621 22623
22624 22626
22627 22629
22630 22632
22633 22635
22636 22638
22639 22641
22642 22644
22645 22647
22648 22650
22651 22653
22654 22656
22657 22659
22660 22662
22663 22665
22666 22668
22669 22671
22672 22674
22675 22677
22678 22680
22681 22683
22684 22686
22687 22689
22690 22692
22693 22695
22696 22698
22699 22701
22702 22704
22705 22707
22708 22710
22711 22713
22714 22716
22717 22719
22720 22722
22723 22725
22726 22728
22729 22731
22732 22734
22735 22737
22738 22740
22741 22743
22744 22746
22747 22749
22750 22752
22753 22755
22756 22758
22759 22761
22762 22764
22765 22767
22768 22770
22771 22773
22774 22776
22777 22779
22780 22782
22783 22785
22786 22788
22789 22791
22792 22794
22795 22797
22798 22800
22801 22803
22804 22806
22807 22809
22810 22812
22813 22815
22816 22818
22819 22821
22822 22824
22825 22827
22828 22830
22831 22833
22834 22836
22837 22839
22840 22842
22843 22845
22846 22848
22849 22851
22852 22854
22855 22857
22858 22860
22861 22863
22864 22866
22867 22869
22870 22872
22873 22875
22876 22878
22879 22881
22882 22884
22885 22887
22888 22890
22891 22893
22894 22896
22897 22899
22900 22902
22903 22905
22906 22908
22909 22911
22912 22914
22915 22917
22918 22920
22921 22923
22924 22926
22927 22929
22930 22932
22933 22935
22936 22938
22939 22941
22942 22944
22945 22947
22948 22950
22951 22953
22954 22956
22957 22959
22960 22962
22963 22965
22966 22968
22969 22971
22972 22974
22975 22977
22978 22980
22981 22983
22984 22986
22987 22989
22990 22992
22993 22995
22996 22998
22999 23001
23002 23004
23005 23007
23008 23010
23011 23013
23014 23016
23017 23019
23020 23022
23023 23025
23026 23028
23029 23031
23032 23034
23035 23037
23038 23040
23041 23043
23044 23046
23047 23049
23050 23052
23053 23055
23056 23058
23059 23061
23062 23064
23065 23067
23068 23070
23071 23073
23074 23076
23077 23079
23080 23082
23083 23085
23086 23088
23089 23091
23092 23094
23095 23097
23098 23100
23101 23103
23104 23106
23107 23109
23110 23112
23113 23115
23116 23118
23119 23121
23122 23124
23125 23127
23128 23130
23131 23133
23134 23136
23137 23139
23140 23142
23143 23145
23146 23148
23149 23151
23152 23154
23155 23157
23158 23160
23161 23163
23164 23166
23167 23169
23170 23172
23173 23175
23176 23178
23179 23181
23182 23184
23185 23187
23188 23190
23191 23193
23194 23196
23197 23199
23200 23202
23203 23205
23206 23208
23209 23211
23212 23214
23215 23217
23218 23220
23221 23223
23224 23226
23227 23229
23230 23232
23233 23235
23236 23238
23239 23241
23242 23244
23245 23247
23248 23250
23251 23253
23254 23256
23257 23259
23260 23262
23263 23265
23266 23268
23269 23271
23272 23274
23275 23277
23278 23280
23281 23283
23284 23286
23287 23289
23290 23292
23293 23295
23296 23298
23299 23301
23302 23304
23305 23307
23308 23310
23311 23313
23314 23316
23317 23319
23320 23322
23323 23325
23326 23328
23329 23331
23332 23334
23335 23337
23338 23340
23341 23343
23344 23346
23347 23349
23350 23352
23353 23355
23356 23358
23359 23361
23362 23364
23365 23367
23368 23370
23371 23373
23374 23376
23377 23379
23380 23382
23383 23385
23386 23388
23389 23391
23392 23394
23395 23397
23398 23400
23401 23403
23404 23406
23407 23409
23410 23412
23413 23415
23416 23418
23419 23421
23422 23424
23425 23427
23428 23430
23431 23433
23434 23436
23437 23439
23440 23442
23443 23445
23446 23448
23449 23451
23452 23454
23455 23457
23458 23460
23461 23463
23464 23466
23467 23469
23470 23472
23473 23475
23476 23478
23479 23481
23482 23484
23485 23487
23488 23490
23491 23493
23494 23496
23497 23499
23500 23502
23503 23505
23506 23508
23509 23511
23512 23514
23515 23517
23518 23520
23521 23523
23524 23526
23527 23529
23530 23532
23533 23535
23536 23538
23539 23541
23542 23544
23545 23547
23548 23550
23551 23553
23554 23556
23557 23559
23560 23562
23563 23565
23566 23568
23569 23571
23572 23574
23575 23577
23578 23580
23581 23583
23584 23586
23587 23589
23590 23592
23593 23595
23596 23598
23599 23601
23602 23604
23605 23607
23608 23610
23611 23613
23614 23616
23617 23619
23620 23622
23623 23625
23626 23628
23629 23631
23632 23634
23635 23637
23638 23640
23641 23643
23644 23646
23647 23649
23650 23652
23653 23655
23656 23658
23659 23661
23662 23664
23665 23667
23668 23670
23671 23673
23674 23676
23677 23679
23680 23682
23683 23685
23686 23688
23689 23691
23692 23694
23695 23697
23698 23700
23701 23703
23704 23706
23707 23709
23710 23712
23713 23715
23716 23718
23719 23721
23722 23724
23725 23727
23728 23730
23731 23733
23734 23736
23737 23739
23740 23742
23743 23745
23746 23748
23749 23751
23752 23754
23755 23757
23758 23760
23761 23763
23764 23766
23767 23769
23770 23772
23773 23775
23776 23778
23779 23781
23782 23784
23785 23787
23788 23790
23791 23793
23794 23796
23797 23799
23800 23802
23803 23805
23806 23808
23809 23811
23812 23814
23815 23817
23818 23820
23821 23823
23824 23826
23827 23829
23830 23832
23833 23835
23836 23838
23839 23841
23842 23844
23845 23847
23848 23850
23851 23853
23854 23856
23857 23859
23860 23862
23863 23865
23866 23868
23869 23871
23872 23874
23875 23877
23878 23880
23881 23883
23884 23886
23887 23889
23890 23892
23893 23895
23896 23898
23899 23901
23902 23904
23905 23907
23908 23910
23911 23913
23914 23916
23917 23919
23920 23922
23923 23925
23926 23928
23929 23931
23932 23934
23935 23937
23938 23940
23941 23943
23944 23946
23947 23949
23950 23952
23953 23955
23956 23958
23959 23961
23962 23964
23965 23967
23968 23970
23971 23973
23974 23976
23977 23979
23980 23982
23983 23985
23986 23988
23989 23991
23992 23994
23995 23997
23998 24000
