50
1351 1353
1354 1356
1357 1359
1360 1362
1363 1365
1366 1368
1369 1371
1372 1374
1375 1377
1378 1380
1381 1383
1384 1386
1387 1389
1390 1392
1393 1395
1396 1398
1399 1401
1402 1404
1405 1407
1408 1410
1411 1413
1414 1416
1417 1419
1420 1422
1423 1425
1426 1428
1429 1431
1432 1434
1435 1437
1438 1440
1441 1443
1444 1446
1447 1449
1450 1452
1453 1455
1456 1458
1459 1461
1462 1464
1465 1467
1468 1470
1471 1473
1474 1476
1477 1479
1480 1482
1483 1485
1486 1488
1489 1491
1492 1494
1495 1497
1498 1500
