200
1201 1203
1204 1206
1207 1209
1210 1212
1213 1215
1216 1218
1219 1221
1222 1224
1225 1227
1228 1230
1231 1233
1234 1236
1237 1239
1240 1242
1243 1245
1246 1248
1249 1251
1252 1254
1255 1257
1258 1260
1261 1263
1264 1266
1267 1269
1270 1272
1273 1275
1276 1278
1279 1281
1282 1284
1285 1287
1288 1290
1291 1293
1294 1296
1297 1299
1300 1302
1303 1305
1306 1308
1309 1311
1312 1314
1315 1317
1318 1320
1321 1323
1324 1326
1327 1329
1330 1332
1333 1335
1336 1338
1339 1341
1342 1344
1345 1347
1348 1350
1351 1353
1354 1356
1357 1359
1360 1362
1363 1365
1366 1368
1369 1371
1372 1374
1375 1377
1378 1380
1381 1383
1384 1386
1387 1389
1390 1392
1393 1395
1396 1398
1399 1401
1402 1404
1405 1407
1408 1410
1411 1413
1414 1416
1417 1419
1420 1422
1423 1425
1426 1428
1429 1431
1432 1434
1435 1437
1438 1440
1441 1443
1444 1446
1447 1449
1450 1452
1453 1455
1456 1458
1459 1461
1462 1464
1465 1467
1468 1470
1471 1473
1474 1476
1477 1479
1480 1482
1483 1485
1486 1488
1489 1491
1492 1494
1495 1497
1498 1500
1501 1503
1504 1506
1507 1509
1510 1512
1513 1515
1516 1518
1519 1521
1522 1524
1525 1527
1528 1530
1531 1533
1534 1536
1537 1539
1540 1542
1543 1545
1546 1548
1549 1551
1552 1554
1555 1557
1558 1560
1561 1563
1564 1566
1567 1569
1570 1572
1573 1575
1576 1578
1579 1581
1582 1584
1585 1587
1588 1590
1591 1593
1594 1596
1597 1599
1600 1602
1603 1605
1606 1608
1609 1611
1612 1614
1615 1617
1618 1620
1621 1623
1624 1626
1627 1629
1630 1632
1633 1635
1636 1638
1639 1641
1642 1644
1645 1647
1648 1650
1651 1653
1654 1656
1657 1659
1660 1662
1663 1665
1666 1668
1669 1671
1672 1674
1675 1677
1678 1680
1681 1683
1684 1686
1687 1689
1690 1692
1693 1695
1696 1698
1699 1701
1702 1704
1705 1707
1708 1710
1711 1713
1714 1716
1717 1719
1720 1722
1723 1725
1726 1728
1729 1731
1732 1734
1735 1737
1738 1740
1741 1743
1744 1746
1747 1749
1750 1752
1753 1755
1756 1758
1759 1761
1762 1764
1765 1767
1768 1770
1771 1773
1774 1776
1777 1779
1780 1782
1783 1785
1786 1788
1789 1791
1792 1794
1795 1797
1798 1800
