1000
6001 6003
6004 6006
6007 6009
6010 6012
6013 6015
6016 6018
6019 6021
6022 6024
6025 6027
6028 6030
6031 6033
6034 6036
6037 6039
6040 6042
6043 6045
6046 6048
6049 6051
6052 6054
6055 6057
6058 6060
6061 6063
6064 6066
6067 6069
6070 6072
6073 6075
6076 6078
6079 6081
6082 6084
6085 6087
6088 6090
6091 6093
6094 6096
6097 6099
6100 6102
6103 6105
6106 6108
6109 6111
6112 6114
6115 6117
6118 6120
6121 6123
6124 6126
6127 6129
6130 6132
6133 6135
6136 6138
6139 6141
6142 6144
6145 6147
6148 6150
6151 6153
6154 6156
6157 6159
6160 6162
6163 6165
6166 6168
6169 6171
6172 6174
6175 6177
6178 6180
6181 6183
6184 6186
6187 6189
6190 6192
6193 6195
6196 6198
6199 6201
6202 6204
6205 6207
6208 6210
6211 6213
6214 6216
6217 6219
6220 6222
6223 6225
6226 6228
6229 6231
6232 6234
6235 6237
6238 6240
6241 6243
6244 6246
6247 6249
6250 6252
6253 6255
6256 6258
6259 6261
6262 6264
6265 6267
6268 6270
6271 6273
6274 6276
6277 6279
6280 6282
6283 6285
6286 6288
6289 6291
6292 6294
6295 6297
6298 6300
6301 6303
6304 6306
6307 6309
6310 6312
6313 6315
6316 6318
6319 6321
6322 6324
6325 6327
6328 6330
6331 6333
6334 6336
6337 6339
6340 6342
6343 6345
6346 6348
6349 6351
6352 6354
6355 6357
6358 6360
6361 6363
6364 6366
6367 6369
6370 6372
6373 6375
6376 6378
6379 6381
6382 6384
6385 6387
6388 6390
6391 6393
6394 6396
6397 6399
6400 6402
6403 6405
6406 6408
6409 6411
6412 6414
6415 6417
6418 6420
6421 6423
6424 6426
6427 6429
6430 6432
6433 6435
6436 6438
6439 6441
6442 6444
6445 6447
6448 6450
6451 6453
6454 6456
6457 6459
6460 6462
6463 6465
6466 6468
6469 6471
6472 6474
6475 6477
6478 6480
6481 6483
6484 6486
6487 6489
6490 6492
6493 6495
6496 6498
6499 6501
6502 6504
6505 6507
6508 6510
6511 6513
6514 6516
6517 6519
6520 6522
6523 6525
6526 6528
6529 6531
6532 6534
6535 6537
6538 6540
6541 6543
6544 6546
6547 6549
6550 6552
6553 6555
6556 6558
6559 6561
6562 6564
6565 6567
6568 6570
6571 6573
6574 6576
6577 6579
6580 6582
6583 6585
6586 6588
6589 6591
6592 6594
6595 6597
6598 6600
6601 6603
6604 6606
6607 6609
6610 6612
6613 6615
6616 6618
6619 6621
6622 6624
6625 6627
6628 6630
6631 6633
6634 6636
6637 6639
6640 6642
6643 6645
6646 6648
6649 6651
6652 6654
6655 6657
6658 6660
6661 6663
6664 6666
6667 6669
6670 6672
6673 6675
6676 6678
6679 6681
6682 6684
6685 6687
6688 6690
6691 6693
6694 6696
6697 6699
6700 6702
6703 6705
6706 6708
6709 6711
6712 6714
6715 6717
6718 6720
6721 6723
6724 6726
6727 6729
6730 6732
6733 6735
6736 6738
6739 6741
6742 6744
6745 6747
6748 6750
6751 6753
6754 6756
6757 6759
6760 6762
6763 6765
6766 6768
6769 6771
6772 6774
6775 6777
6778 6780
6781 6783
6784 6786
6787 6789
6790 6792
6793 6795
6796 6798
6799 6801
6802 6804
6805 6807
6808 6810
6811 6813
6814 6816
6817 6819
6820 6822
6823 6825
6826 6828
6829 6831
6832 6834
6835 6837
6838 6840
6841 6843
6844 6846
6847 6849
6850 6852
6853 6855
6856 6858
6859 6861
6862 6864
6865 6867
6868 6870
6871 6873
6874 6876
6877 6879
6880 6882
6883 6885
6886 6888
6889 6891
6892 6894
6895 6897
6898 6900
6901 6903
6904 6906
6907 6909
6910 6912
6913 6915
6916 6918
6919 6921
6922 6924
6925 6927
6928 6930
6931 6933
6934 6936
6937 6939
6940 6942
6943 6945
6946 6948
6949 6951
6952 6954
6955 6957
6958 6960
6961 6963
6964 6966
6967 6969
6970 6972
6973 6975
6976 6978
6979 6981
6982 6984
6985 6987
6988 6990
6991 6993
6994 6996
6997 6999
7000 7002
7003 7005
7006 7008
7009 7011
7012 7014
7015 7017
7018 7020
7021 7023
7024 7026
7027 7029
7030 7032
7033 7035
7036 7038
7039 7041
7042 7044
7045 7047
7048 7050
7051 7053
7054 7056
7057 7059
7060 7062
7063 7065
7066 7068
7069 7071
7072 7074
7075 7077
7078 7080
7081 7083
7084 7086
7087 7089
7090 7092
7093 7095
7096 7098
7099 7101
7102 7104
7105 7107
7108 7110
7111 7113
7114 7116
7117 7119
7120 7122
7123 7125
7126 7128
7129 7131
7132 7134
7135 7137
7138 7140
7141 7143
7144 7146
7147 7149
7150 7152
7153 7155
7156 7158
7159 7161
7162 7164
7165 7167
7168 7170
7171 7173
7174 7176
7177 7179
7180 7182
7183 7185
7186 7188
7189 7191
7192 7194
7195 7197
7198 7200
7201 7203
7204 7206
7207 7209
7210 7212
7213 7215
7216 7218
7219 7221
7222 7224
7225 7227
7228 7230
7231 7233
7234 7236
7237 7239
7240 7242
7243 7245
7246 7248
7249 7251
7252 7254
7255 7257
7258 7260
7261 7263
7264 7266
7267 7269
7270 7272
7273 7275
7276 7278
7279 7281
7282 7284
7285 7287
7288 7290
7291 7293
7294 7296
7297 7299
7300 7302
7303 7305
7306 7308
7309 7311
7312 7314
7315 7317
7318 7320
7321 7323
7324 7326
7327 7329
7330 7332
7333 7335
7336 7338
7339 7341
7342 7344
7345 7347
7348 7350
7351 7353
7354 7356
7357 7359
7360 7362
7363 7365
7366 7368
7369 7371
7372 7374
7375 7377
7378 7380
7381 7383
7384 7386
7387 7389
7390 7392
7393 7395
7396 7398
7399 7401
7402 7404
7405 7407
7408 7410
7411 7413
7414 7416
7417 7419
7420 7422
7423 7425
7426 7428
7429 7431
7432 7434
7435 7437
7438 7440
7441 7443
7444 7446
7447 7449
7450 7452
7453 7455
7456 7458
7459 7461
7462 7464
7465 7467
7468 7470
7471 7473
7474 7476
7477 7479
7480 7482
7483 7485
7486 7488
7489 7491
7492 7494
7495 7497
7498 7500
7501 7503
7504 7506
7507 7509
7510 7512
7513 7515
7516 7518
7519 7521
7522 7524
7525 7527
7528 7530
7531 7533
7534 7536
7537 7539
7540 7542
7543 7545
7546 7548
7549 7551
7552 7554
7555 7557
7558 7560
7561 7563
7564 7566
7567 7569
7570 7572
7573 7575
7576 7578
7579 7581
7582 7584
7585 7587
7588 7590
7591 7593
7594 7596
7597 7599
7600 7602
7603 7605
7606 7608
7609 7611
7612 7614
7615 7617
7618 7620
7621 7623
7624 7626
7627 7629
7630 7632
7633 7635
7636 7638
7639 7641
7642 7644
7645 7647
7648 7650
7651 7653
7654 7656
7657 7659
7660 7662
7663 7665
7666 7668
7669 7671
7672 7674
7675 7677
7678 7680
7681 7683
7684 7686
7687 7689
7690 7692
7693 7695
7696 7698
7699 7701
7702 7704
7705 7707
7708 7710
7711 7713
7714 7716
7717 7719
7720 7722
7723 7725
7726 7728
7729 7731
7732 7734
7735 7737
7738 7740
7741 7743
7744 7746
7747 7749
7750 7752
7753 7755
7756 7758
7759 7761
7762 7764
7765 7767
7768 7770
7771 7773
7774 7776
7777 7779
7780 7782
7783 7785
7786 7788
7789 7791
7792 7794
7795 7797
7798 7800
7801 7803
7804 7806
7807 7809
7810 7812
7813 7815
7816 7818
7819 7821
7822 7824
7825 7827
7828 7830
7831 7833
7834 7836
7837 7839
7840 7842
7843 7845
7846 7848
7849 7851
7852 7854
7855 7857
7858 7860
7861 7863
7864 7866
7867 7869
7870 7872
7873 7875
7876 7878
7879 7881
7882 7884
7885 7887
7888 7890
7891 7893
7894 7896
7897 7899
7900 7902
7903 7905
7906 7908
7909 7911
7912 7914
7915 7917
7918 7920
7921 7923
7924 7926
7927 7929
7930 7932
7933 7935
7936 7938
7939 7941
7942 7944
7945 7947
7948 7950
7951 7953
7954 7956
7957 7959
7960 7962
7963 7965
7966 7968
7969 7971
7972 7974
7975 7977
7978 7980
7981 7983
7984 7986
7987 7989
7990 7992
7993 7995
7996 7998
7999 8001
8002 8004
8005 8007
8008 8010
8011 8013
8014 8016
8017 8019
8020 8022
8023 8025
8026 8028
8029 8031
8032 8034
8035 8037
8038 8040
8041 8043
8044 8046
8047 8049
8050 8052
8053 8055
8056 8058
8059 8061
8062 8064
8065 8067
8068 8070
8071 8073
8074 8076
8077 8079
8080 8082
8083 8085
8086 8088
8089 8091
8092 8094
8095 8097
8098 8100
8101 8103
8104 8106
8107 8109
8110 8112
8113 8115
8116 8118
8119 8121
8122 8124
8125 8127
8128 8130
8131 8133
8134 8136
8137 8139
8140 8142
8143 8145
8146 8148
8149 8151
8152 8154
8155 8157
8158 8160
8161 8163
8164 8166
8167 8169
8170 8172
8173 8175
8176 8178
8179 8181
8182 8184
8185 8187
8188 8190
8191 8193
8194 8196
8197 8199
8200 8202
8203 8205
8206 8208
8209 8211
8212 8214
8215 8217
8218 8220
8221 8223
8224 8226
8227 8229
8230 8232
8233 8235
8236 8238
8239 8241
8242 8244
8245 8247
8248 8250
8251 8253
8254 8256
8257 8259
8260 8262
8263 8265
8266 8268
8269 8271
8272 8274
8275 8277
8278 8280
8281 8283
8284 8286
8287 8289
8290 8292
8293 8295
8296 8298
8299 8301
8302 8304
8305 8307
8308 8310
8311 8313
8314 8316
8317 8319
8320 8322
8323 8325
8326 8328
8329 8331
8332 8334
8335 8337
8338 8340
8341 8343
8344 8346
8347 8349
8350 8352
8353 8355
8356 8358
8359 8361
8362 8364
8365 8367
8368 8370
8371 8373
8374 8376
8377 8379
8380 8382
8383 8385
8386 8388
8389 8391
8392 8394
8395 8397
8398 8400
8401 8403
8404 8406
8407 8409
8410 8412
8413 8415
8416 8418
8419 8421
8422 8424
8425 8427
8428 8430
8431 8433
8434 8436
8437 8439
8440 8442
8443 8445
8446 8448
8449 8451
8452 8454
8455 8457
8458 8460
8461 8463
8464 8466
8467 8469
8470 8472
8473 8475
8476 8478
8479 8481
8482 8484
8485 8487
8488 8490
8491 8493
8494 8496
8497 8499
8500 8502
8503 8505
8506 8508
8509 8511
8512 8514
8515 8517
8518 8520
8521 8523
8524 8526
8527 8529
8530 8532
8533 8535
8536 8538
8539 8541
8542 8544
8545 8547
8548 8550
8551 8553
8554 8556
8557 8559
8560 8562
8563 8565
8566 8568
8569 8571
8572 8574
8575 8577
8578 8580
8581 8583
8584 8586
8587 8589
8590 8592
8593 8595
8596 8598
8599 8601
8602 8604
8605 8607
8608 8610
8611 8613
8614 8616
8617 8619
8620 8622
8623 8625
8626 8628
8629 8631
8632 8634
8635 8637
8638 8640
8641 8643
8644 8646
8647 8649
8650 8652
8653 8655
8656 8658
8659 8661
8662 8664
8665 8667
8668 8670
8671 8673
8674 8676
8677 8679
8680 8682
8683 8685
8686 8688
8689 8691
8692 8694
8695 8697
8698 8700
8701 8703
8704 8706
8707 8709
8710 8712
8713 8715
8716 8718
8719 8721
8722 8724
8725 8727
8728 8730
8731 8733
8734 8736
8737 8739
8740 8742
8743 8745
8746 8748
8749 8751
8752 8754
8755 8757
8758 8760
8761 8763
8764 8766
8767 8769
8770 8772
8773 8775
8776 8778
8779 8781
8782 8784
8785 8787
8788 8790
8791 8793
8794 8796
8797 8799
8800 8802
8803 8805
8806 8808
8809 8811
8812 8814
8815 8817
8818 8820
8821 8823
8824 8826
8827 8829
8830 8832
8833 8835
8836 8838
8839 8841
8842 8844
8845 8847
8848 8850
8851 8853
8854 8856
8857 8859
8860 8862
8863 8865
8866 8868
8869 8871
8872 8874
8875 8877
8878 8880
8881 8883
8884 8886
8887 8889
8890 8892
8893 8895
8896 8898
8899 8901
8902 8904
8905 8907
8908 8910
8911 8913
8914 8916
8917 8919
8920 8922
8923 8925
8926 8928
8929 8931
8932 8934
8935 8937
8938 8940
8941 8943
8944 8946
8947 8949
8950 8952
8953 8955
8956 8958
8959 8961
8962 8964
8965 8967
8968 8970
8971 8973
8974 8976
8977 8979
8980 8982
8983 8985
8986 8988
8989 8991
8992 8994
8995 8997
8998 9000
