100
1501 1503
1504 1506
1507 1509
1510 1512
1513 1515
1516 1518
1519 1521
1522 1524
1525 1527
1528 1530
1531 1533
1534 1536
1537 1539
1540 1542
1543 1545
1546 1548
1549 1551
1552 1554
1555 1557
1558 1560
1561 1563
1564 1566
1567 1569
1570 1572
1573 1575
1576 1578
1579 1581
1582 1584
1585 1587
1588 1590
1591 1593
1594 1596
1597 1599
1600 1602
1603 1605
1606 1608
1609 1611
1612 1614
1615 1617
1618 1620
1621 1623
1624 1626
1627 1629
1630 1632
1633 1635
1636 1638
1639 1641
1642 1644
1645 1647
1648 1650
1651 1653
1654 1656
1657 1659
1660 1662
1663 1665
1666 1668
1669 1671
1672 1674
1675 1677
1678 1680
1681 1683
1684 1686
1687 1689
1690 1692
1693 1695
1696 1698
1699 1701
1702 1704
1705 1707
1708 1710
1711 1713
1714 1716
1717 1719
1720 1722
1723 1725
1726 1728
1729 1731
1732 1734
1735 1737
1738 1740
1741 1743
1744 1746
1747 1749
1750 1752
1753 1755
1756 1758
1759 1761
1762 1764
1765 1767
1768 1770
1771 1773
1774 1776
1777 1779
1780 1782
1783 1785
1786 1788
1789 1791
1792 1794
1795 1797
1798 1800
