200
4201 4203
4204 4206
4207 4209
4210 4212
4213 4215
4216 4218
4219 4221
4222 4224
4225 4227
4228 4230
4231 4233
4234 4236
4237 4239
4240 4242
4243 4245
4246 4248
4249 4251
4252 4254
4255 4257
4258 4260
4261 4263
4264 4266
4267 4269
4270 4272
4273 4275
4276 4278
4279 4281
4282 4284
4285 4287
4288 4290
4291 4293
4294 4296
4297 4299
4300 4302
4303 4305
4306 4308
4309 4311
4312 4314
4315 4317
4318 4320
4321 4323
4324 4326
4327 4329
4330 4332
4333 4335
4336 4338
4339 4341
4342 4344
4345 4347
4348 4350
4351 4353
4354 4356
4357 4359
4360 4362
4363 4365
4366 4368
4369 4371
4372 4374
4375 4377
4378 4380
4381 4383
4384 4386
4387 4389
4390 4392
4393 4395
4396 4398
4399 4401
4402 4404
4405 4407
4408 4410
4411 4413
4414 4416
4417 4419
4420 4422
4423 4425
4426 4428
4429 4431
4432 4434
4435 4437
4438 4440
4441 4443
4444 4446
4447 4449
4450 4452
4453 4455
4456 4458
4459 4461
4462 4464
4465 4467
4468 4470
4471 4473
4474 4476
4477 4479
4480 4482
4483 4485
4486 4488
4489 4491
4492 4494
4495 4497
4498 4500
4501 4503
4504 4506
4507 4509
4510 4512
4513 4515
4516 4518
4519 4521
4522 4524
4525 4527
4528 4530
4531 4533
4534 4536
4537 4539
4540 4542
4543 4545
4546 4548
4549 4551
4552 4554
4555 4557
4558 4560
4561 4563
4564 4566
4567 4569
4570 4572
4573 4575
4576 4578
4579 4581
4582 4584
4585 4587
4588 4590
4591 4593
4594 4596
4597 4599
4600 4602
4603 4605
4606 4608
4609 4611
4612 4614
4615 4617
4618 4620
4621 4623
4624 4626
4627 4629
4630 4632
4633 4635
4636 4638
4639 4641
4642 4644
4645 4647
4648 4650
4651 4653
4654 4656
4657 4659
4660 4662
4663 4665
4666 4668
4669 4671
4672 4674
4675 4677
4678 4680
4681 4683
4684 4686
4687 4689
4690 4692
4693 4695
4696 4698
4699 4701
4702 4704
4705 4707
4708 4710
4711 4713
4714 4716
4717 4719
4720 4722
4723 4725
4726 4728
4729 4731
4732 4734
4735 4737
4738 4740
4741 4743
4744 4746
4747 4749
4750 4752
4753 4755
4756 4758
4759 4761
4762 4764
4765 4767
4768 4770
4771 4773
4774 4776
4777 4779
4780 4782
4783 4785
4786 4788
4789 4791
4792 4794
4795 4797
4798 4800
