1000
3001 3003
3004 3006
3007 3009
3010 3012
3013 3015
3016 3018
3019 3021
3022 3024
3025 3027
3028 3030
3031 3033
3034 3036
3037 3039
3040 3042
3043 3045
3046 3048
3049 3051
3052 3054
3055 3057
3058 3060
3061 3063
3064 3066
3067 3069
3070 3072
3073 3075
3076 3078
3079 3081
3082 3084
3085 3087
3088 3090
3091 3093
3094 3096
3097 3099
3100 3102
3103 3105
3106 3108
3109 3111
3112 3114
3115 3117
3118 3120
3121 3123
3124 3126
3127 3129
3130 3132
3133 3135
3136 3138
3139 3141
3142 3144
3145 3147
3148 3150
3151 3153
3154 3156
3157 3159
3160 3162
3163 3165
3166 3168
3169 3171
3172 3174
3175 3177
3178 3180
3181 3183
3184 3186
3187 3189
3190 3192
3193 3195
3196 3198
3199 3201
3202 3204
3205 3207
3208 3210
3211 3213
3214 3216
3217 3219
3220 3222
3223 3225
3226 3228
3229 3231
3232 3234
3235 3237
3238 3240
3241 3243
3244 3246
3247 3249
3250 3252
3253 3255
3256 3258
3259 3261
3262 3264
3265 3267
3268 3270
3271 3273
3274 3276
3277 3279
3280 3282
3283 3285
3286 3288
3289 3291
3292 3294
3295 3297
3298 3300
3301 3303
3304 3306
3307 3309
3310 3312
3313 3315
3316 3318
3319 3321
3322 3324
3325 3327
3328 3330
3331 3333
3334 3336
3337 3339
3340 3342
3343 3345
3346 3348
3349 3351
3352 3354
3355 3357
3358 3360
3361 3363
3364 3366
3367 3369
3370 3372
3373 3375
3376 3378
3379 3381
3382 3384
3385 3387
3388 3390
3391 3393
3394 3396
3397 3399
3400 3402
3403 3405
3406 3408
3409 3411
3412 3414
3415 3417
3418 3420
3421 3423
3424 3426
3427 3429
3430 3432
3433 3435
3436 3438
3439 3441
3442 3444
3445 3447
3448 3450
3451 3453
3454 3456
3457 3459
3460 3462
3463 3465
3466 3468
3469 3471
3472 3474
3475 3477
3478 3480
3481 3483
3484 3486
3487 3489
3490 3492
3493 3495
3496 3498
3499 3501
3502 3504
3505 3507
3508 3510
3511 3513
3514 3516
3517 3519
3520 3522
3523 3525
3526 3528
3529 3531
3532 3534
3535 3537
3538 3540
3541 3543
3544 3546
3547 3549
3550 3552
3553 3555
3556 3558
3559 3561
3562 3564
3565 3567
3568 3570
3571 3573
3574 3576
3577 3579
3580 3582
3583 3585
3586 3588
3589 3591
3592 3594
3595 3597
3598 3600
3601 3603
3604 3606
3607 3609
3610 3612
3613 3615
3616 3618
3619 3621
3622 3624
3625 3627
3628 3630
3631 3633
3634 3636
3637 3639
3640 3642
3643 3645
3646 3648
3649 3651
3652 3654
3655 3657
3658 3660
3661 3663
3664 3666
3667 3669
3670 3672
3673 3675
3676 3678
3679 3681
3682 3684
3685 3687
3688 3690
3691 3693
3694 3696
3697 3699
3700 3702
3703 3705
3706 3708
3709 3711
3712 3714
3715 3717
3718 3720
3721 3723
3724 3726
3727 3729
3730 3732
3733 3735
3736 3738
3739 3741
3742 3744
3745 3747
3748 3750
3751 3753
3754 3756
3757 3759
3760 3762
3763 3765
3766 3768
3769 3771
3772 3774
3775 3777
3778 3780
3781 3783
3784 3786
3787 3789
3790 3792
3793 3795
3796 3798
3799 3801
3802 3804
3805 3807
3808 3810
3811 3813
3814 3816
3817 3819
3820 3822
3823 3825
3826 3828
3829 3831
3832 3834
3835 3837
3838 3840
3841 3843
3844 3846
3847 3849
3850 3852
3853 3855
3856 3858
3859 3861
3862 3864
3865 3867
3868 3870
3871 3873
3874 3876
3877 3879
3880 3882
3883 3885
3886 3888
3889 3891
3892 3894
3895 3897
3898 3900
3901 3903
3904 3906
3907 3909
3910 3912
3913 3915
3916 3918
3919 3921
3922 3924
3925 3927
3928 3930
3931 3933
3934 3936
3937 3939
3940 3942
3943 3945
3946 3948
3949 3951
3952 3954
3955 3957
3958 3960
3961 3963
3964 3966
3967 3969
3970 3972
3973 3975
3976 3978
3979 3981
3982 3984
3985 3987
3988 3990
3991 3993
3994 3996
3997 3999
4000 4002
4003 4005
4006 4008
4009 4011
4012 4014
4015 4017
4018 4020
4021 4023
4024 4026
4027 4029
4030 4032
4033 4035
4036 4038
4039 4041
4042 4044
4045 4047
4048 4050
4051 4053
4054 4056
4057 4059
4060 4062
4063 4065
4066 4068
4069 4071
4072 4074
4075 4077
4078 4080
4081 4083
4084 4086
4087 4089
4090 4092
4093 4095
4096 4098
4099 4101
4102 4104
4105 4107
4108 4110
4111 4113
4114 4116
4117 4119
4120 4122
4123 4125
4126 4128
4129 4131
4132 4134
4135 4137
4138 4140
4141 4143
4144 4146
4147 4149
4150 4152
4153 4155
4156 4158
4159 4161
4162 4164
4165 4167
4168 4170
4171 4173
4174 4176
4177 4179
4180 4182
4183 4185
4186 4188
4189 4191
4192 4194
4195 4197
4198 4200
4201 4203
4204 4206
4207 4209
4210 4212
4213 4215
4216 4218
4219 4221
4222 4224
4225 4227
4228 4230
4231 4233
4234 4236
4237 4239
4240 4242
4243 4245
4246 4248
4249 4251
4252 4254
4255 4257
4258 4260
4261 4263
4264 4266
4267 4269
4270 4272
4273 4275
4276 4278
4279 4281
4282 4284
4285 4287
4288 4290
4291 4293
4294 4296
4297 4299
4300 4302
4303 4305
4306 4308
4309 4311
4312 4314
4315 4317
4318 4320
4321 4323
4324 4326
4327 4329
4330 4332
4333 4335
4336 4338
4339 4341
4342 4344
4345 4347
4348 4350
4351 4353
4354 4356
4357 4359
4360 4362
4363 4365
4366 4368
4369 4371
4372 4374
4375 4377
4378 4380
4381 4383
4384 4386
4387 4389
4390 4392
4393 4395
4396 4398
4399 4401
4402 4404
4405 4407
4408 4410
4411 4413
4414 4416
4417 4419
4420 4422
4423 4425
4426 4428
4429 4431
4432 4434
4435 4437
4438 4440
4441 4443
4444 4446
4447 4449
4450 4452
4453 4455
4456 4458
4459 4461
4462 4464
4465 4467
4468 4470
4471 4473
4474 4476
4477 4479
4480 4482
4483 4485
4486 4488
4489 4491
4492 4494
4495 4497
4498 4500
4501 4503
4504 4506
4507 4509
4510 4512
4513 4515
4516 4518
4519 4521
4522 4524
4525 4527
4528 4530
4531 4533
4534 4536
4537 4539
4540 4542
4543 4545
4546 4548
4549 4551
4552 4554
4555 4557
4558 4560
4561 4563
4564 4566
4567 4569
4570 4572
4573 4575
4576 4578
4579 4581
4582 4584
4585 4587
4588 4590
4591 4593
4594 4596
4597 4599
4600 4602
4603 4605
4606 4608
4609 4611
4612 4614
4615 4617
4618 4620
4621 4623
4624 4626
4627 4629
4630 4632
4633 4635
4636 4638
4639 4641
4642 4644
4645 4647
4648 4650
4651 4653
4654 4656
4657 4659
4660 4662
4663 4665
4666 4668
4669 4671
4672 4674
4675 4677
4678 4680
4681 4683
4684 4686
4687 4689
4690 4692
4693 4695
4696 4698
4699 4701
4702 4704
4705 4707
4708 4710
4711 4713
4714 4716
4717 4719
4720 4722
4723 4725
4726 4728
4729 4731
4732 4734
4735 4737
4738 4740
4741 4743
4744 4746
4747 4749
4750 4752
4753 4755
4756 4758
4759 4761
4762 4764
4765 4767
4768 4770
4771 4773
4774 4776
4777 4779
4780 4782
4783 4785
4786 4788
4789 4791
4792 4794
4795 4797
4798 4800
4801 4803
4804 4806
4807 4809
4810 4812
4813 4815
4816 4818
4819 4821
4822 4824
4825 4827
4828 4830
4831 4833
4834 4836
4837 4839
4840 4842
4843 4845
4846 4848
4849 4851
4852 4854
4855 4857
4858 4860
4861 4863
4864 4866
4867 4869
4870 4872
4873 4875
4876 4878
4879 4881
4882 4884
4885 4887
4888 4890
4891 4893
4894 4896
4897 4899
4900 4902
4903 4905
4906 4908
4909 4911
4912 4914
4915 4917
4918 4920
4921 4923
4924 4926
4927 4929
4930 4932
4933 4935
4936 4938
4939 4941
4942 4944
4945 4947
4948 4950
4951 4953
4954 4956
4957 4959
4960 4962
4963 4965
4966 4968
4969 4971
4972 4974
4975 4977
4978 4980
4981 4983
4984 4986
4987 4989
4990 4992
4993 4995
4996 4998
4999 5001
5002 5004
5005 5007
5008 5010
5011 5013
5014 5016
5017 5019
5020 5022
5023 5025
5026 5028
5029 5031
5032 5034
5035 5037
5038 5040
5041 5043
5044 5046
5047 5049
5050 5052
5053 5055
5056 5058
5059 5061
5062 5064
5065 5067
5068 5070
5071 5073
5074 5076
5077 5079
5080 5082
5083 5085
5086 5088
5089 5091
5092 5094
5095 5097
5098 5100
5101 5103
5104 5106
5107 5109
5110 5112
5113 5115
5116 5118
5119 5121
5122 5124
5125 5127
5128 5130
5131 5133
5134 5136
5137 5139
5140 5142
5143 5145
5146 5148
5149 5151
5152 5154
5155 5157
5158 5160
5161 5163
5164 5166
5167 5169
5170 5172
5173 5175
5176 5178
5179 5181
5182 5184
5185 5187
5188 5190
5191 5193
5194 5196
5197 5199
5200 5202
5203 5205
5206 5208
5209 5211
5212 5214
5215 5217
5218 5220
5221 5223
5224 5226
5227 5229
5230 5232
5233 5235
5236 5238
5239 5241
5242 5244
5245 5247
5248 5250
5251 5253
5254 5256
5257 5259
5260 5262
5263 5265
5266 5268
5269 5271
5272 5274
5275 5277
5278 5280
5281 5283
5284 5286
5287 5289
5290 5292
5293 5295
5296 5298
5299 5301
5302 5304
5305 5307
5308 5310
5311 5313
5314 5316
5317 5319
5320 5322
5323 5325
5326 5328
5329 5331
5332 5334
5335 5337
5338 5340
5341 5343
5344 5346
5347 5349
5350 5352
5353 5355
5356 5358
5359 5361
5362 5364
5365 5367
5368 5370
5371 5373
5374 5376
5377 5379
5380 5382
5383 5385
5386 5388
5389 5391
5392 5394
5395 5397
5398 5400
5401 5403
5404 5406
5407 5409
5410 5412
5413 5415
5416 5418
5419 5421
5422 5424
5425 5427
5428 5430
5431 5433
5434 5436
5437 5439
5440 5442
5443 5445
5446 5448
5449 5451
5452 5454
5455 5457
5458 5460
5461 5463
5464 5466
5467 5469
5470 5472
5473 5475
5476 5478
5479 5481
5482 5484
5485 5487
5488 5490
5491 5493
5494 5496
5497 5499
5500 5502
5503 5505
5506 5508
5509 5511
5512 5514
5515 5517
5518 5520
5521 5523
5524 5526
5527 5529
5530 5532
5533 5535
5536 5538
5539 5541
5542 5544
5545 5547
5548 5550
5551 5553
5554 5556
5557 5559
5560 5562
5563 5565
5566 5568
5569 5571
5572 5574
5575 5577
5578 5580
5581 5583
5584 5586
5587 5589
5590 5592
5593 5595
5596 5598
5599 5601
5602 5604
5605 5607
5608 5610
5611 5613
5614 5616
5617 5619
5620 5622
5623 5625
5626 5628
5629 5631
5632 5634
5635 5637
5638 5640
5641 5643
5644 5646
5647 5649
5650 5652
5653 5655
5656 5658
5659 5661
5662 5664
5665 5667
5668 5670
5671 5673
5674 5676
5677 5679
5680 5682
5683 5685
5686 5688
5689 5691
5692 5694
5695 5697
5698 5700
5701 5703
5704 5706
5707 5709
5710 5712
5713 5715
5716 5718
5719 5721
5722 5724
5725 5727
5728 5730
5731 5733
5734 5736
5737 5739
5740 5742
5743 5745
5746 5748
5749 5751
5752 5754
5755 5757
5758 5760
5761 5763
5764 5766
5767 5769
5770 5772
5773 5775
5776 5778
5779 5781
5782 5784
5785 5787
5788 5790
5791 5793
5794 5796
5797 5799
5800 5802
5803 5805
5806 5808
5809 5811
5812 5814
5815 5817
5818 5820
5821 5823
5824 5826
5827 5829
5830 5832
5833 5835
5836 5838
5839 5841
5842 5844
5845 5847
5848 5850
5851 5853
5854 5856
5857 5859
5860 5862
5863 5865
5866 5868
5869 5871
5872 5874
5875 5877
5878 5880
5881 5883
5884 5886
5887 5889
5890 5892
5893 5895
5896 5898
5899 5901
5902 5904
5905 5907
5908 5910
5911 5913
5914 5916
5917 5919
5920 5922
5923 5925
5926 5928
5929 5931
5932 5934
5935 5937
5938 5940
5941 5943
5944 5946
5947 5949
5950 5952
5953 5955
5956 5958
5959 5961
5962 5964
5965 5967
5968 5970
5971 5973
5974 5976
5977 5979
5980 5982
5983 5985
5986 5988
5989 5991
5992 5994
5995 5997
5998 6000
