100
144 1893
73 1472
196 709
44 1930
119 518
122 805
55 1946
199 1832
34 438
108 1287
113 1757
46 640
170 1114
153 723
139 473
191 1602
42 587
15 1919
17 1108
152 1182
60 810
30 1431
124 1458
118 1748
143 832
182 425
35 1168
16 1085
158 949
116 1701
166 1646
57 1344
162 490
135 881
124 329
83 1734
183 1191
110 2000
40 1127
121 1195
143 549
71 1149
169 1501
146 1974
49 717
174 1818
191 285
101 1675
185 1039
114 1552
195 1243
199 391
96 642
197 1852
155 1111
15 934
5 1026
119 788
196 1012
4 426
81 356
111 824
90 1304
35 1572
113 1903
74 1363
57 1527
132 1292
170 1934
142 234
37 1228
81 626
59 738
9 1565
171 706
183 359
26 587
129 1827
45 543
175 394
67 1507
86 1998
85 509
95 517
154 1308
5 1490
156 323
145 1220
185 1881
134 1868
24 1794
159 1937
171 664
88 326
10 1468
86 899
24 1325
103 1886
58 629
177 1903
