200
1 141
5 3856
0 1695
4 1628
2 2339
9 3249
3 3611
1 427
9 319
0 1561
3 1655
8 321
0 1699
3 3954
6 3676
6 557
5 886
9 1737
3 1219
7 3244
0 1114
1 2185
5 69
9 284
1 2002
8 214
4 2820
6 1310
8 3220
8 3201
7 1312
3 541
0 2474
7 35
10 429
8 1635
2 3396
4 2320
9 2974
0 2269
5 1317
1 1540
4 2608
2 2717
3 3928
3 427
2 2333
10 3767
9 578
10 1985
7 451
10 3121
6 1764
9 1570
4 407
6 357
3 1263
4 644
5 3210
8 907
0 300
5 3323
3 3934
7 1997
7 3605
2 1166
6 2196
6 2948
6 3389
2 2257
10 3640
10 3372
2 1677
9 2572
9 2608
3 3287
7 3682
2 1606
2 3523
2 808
5 1112
4 1406
7 2640
4 2909
5 3518
0 615
10 2513
2 885
6 2893
3 54
7 3026
10 3321
10 1155
10 2542
3 2002
10 1327
9 2136
4 2736
3 516
10 1003
5 2131
0 3570
9 1989
9 3672
8 927
8 1300
2 2016
3 1661
0 2681
9 1211
3 1836
3 1990
7 3394
7 3156
1 466
4 2855
9 1961
9 568
5 1721
8 3867
8 3875
2 1942
10 3098
9 3393
8 787
8 676
7 1910
1 1763
0 2095
10 1254
0 660
0 346
2 2442
6 346
9 2537
3 1614
6 3868
9 973
6 950
10 2652
8 2766
4 1079
6 370
9 3689
10 3522
0 1448
10 1136
2 86
9 3499
4 1615
4 1762
6 489
3 644
1 3532
2 1529
0 3665
4 2493
6 1436
6 1981
9 1018
9 3128
9 2078
8 3734
7 1920
10 2363
0 3944
7 3921
1 2053
9 1241
7 2164
4 3804
4 403
5 2974
0 183
3 533
6 3980
9 3948
10 1072
0 1728
10 1289
10 519
0 1427
8 246
4 2282
4 2018
4 788
2 661
8 686
0 2880
6 3431
9 786
4 1527
7 709
8 2689
4 1983
8 3150
7 271
3 2708
10 936
10 3940
