1000
36 356
184 5367
156 14579
96 6235
69 18707
115 7321
19 17948
148 17596
15 18594
145 12209
199 8889
64 16666
180 4947
153 3042
40 5784
30 19320
104 3287
109 1879
113 1750
179 4361
131 3765
1 14992
28 16928
140 19851
86 8335
39 4425
87 19944
61 12832
193 11314
109 19833
190 4680
20 6403
118 7429
165 16382
173 15255
171 12786
147 17386
102 14242
109 5992
10 1905
40 7769
179 1859
62 13538
52 19825
161 18601
183 15779
67 633
22 15217
59 1715
189 18726
14 9712
109 14267
89 8428
68 4927
70 10462
85 5560
56 18563
108 18359
175 6545
191 17832
7 741
98 18399
129 1831
3 11497
139 5006
162 9462
76 16864
115 19191
53 7647
50 6030
108 17012
30 4148
54 1423
114 5811
58 10354
196 8928
107 15762
72 1997
18 9874
47 12743
38 8857
121 6526
50 7548
47 16910
66 7462
141 16433
159 3570
152 8619
128 9223
109 13448
80 15474
128 18017
98 3537
5 3692
137 2801
170 15849
34 12370
162 5153
155 5323
175 19655
168 11084
136 10902
101 6842
66 9530
22 12926
88 11533
152 14224
109 6042
167 2111
95 794
157 10395
186 17315
182 9794
22 14471
172 1933
198 17609
90 7053
18 19606
52 1165
120 16546
140 7101
24 16570
147 2012
104 15006
32 1874
160 18503
111 17986
198 8640
49 7182
189 17056
131 8985
160 553
31 10637
93 16631
57 8691
47 8392
139 7393
149 13076
34 18889
196 10447
139 19029
163 222
42 9361
185 16579
67 10794
122 9437
60 12953
40 10924
122 12622
74 3995
70 10908
173 9126
130 14645
168 1332
106 12074
167 12215
50 6013
77 3615
15 3926
190 8871
105 14747
64 13793
31 11023
135 6414
185 12235
183 17084
74 7081
34 3838
82 2452
117 19702
160 16156
59 2736
10 10467
82 6054
23 19063
143 17233
165 18989
96 9379
131 19399
119 19109
141 11900
59 8710
162 13109
8 5258
97 16389
151 760
76 8139
133 8140
115 10421
186 6409
157 16707
46 16815
166 11084
118 11420
2 9060
189 18240
119 17234
74 3959
171 11819
121 845
171 16269
30 1056
171 7048
33 18279
105 4882
58 2983
16 16585
65 15738
160 18051
58 10679
82 4727
198 7529
102 3581
143 13393
93 19326
149 9471
193 10700
188 18696
31 4731
110 18417
45 6101
84 5822
45 5516
76 18047
198 5893
114 480
162 5814
23 11076
136 12623
175 18910
84 14043
142 12049
126 15827
162 14026
196 12537
117 8134
138 13011
85 14436
70 19146
31 569
169 13977
59 1543
107 1306
183 7569
69 7506
175 10233
7 2675
61 13658
154 728
188 5326
8 10680
141 2198
68 1396
30 16825
123 14248
70 3809
52 11082
56 5145
186 2626
35 5640
74 6752
98 8176
126 19410
155 17735
82 5263
12 13049
88 16569
116 17031
176 1247
117 11627
91 17365
60 18126
164 10888
89 10377
175 12195
107 19161
144 8282
44 12522
56 206
140 8815
129 4856
122 12457
198 3194
140 19641
172 10382
113 10995
159 1324
70 10468
147 2876
91 1473
1 13569
80 13657
165 9107
56 17691
100 13593
21 14687
32 11041
70 7014
24 14033
108 406
126 950
4 869
133 4368
134 12087
80 16752
74 14970
191 19215
173 18025
162 13205
155 11494
86 11546
32 4628
137 19422
161 3299
79 8768
165 9448
150 15115
154 5323
97 8587
13 9632
48 11236
181 1685
66 2715
59 18826
170 18867
175 13515
123 12068
189 1957
3 10381
76 4685
178 1875
12 9395
32 5750
191 7799
19 10314
44 16466
58 1287
86 6379
122 16640
103 5030
37 6819
147 5393
147 13657
83 1313
75 19106
5 4113
43 2729
72 6045
50 12705
143 10361
14 13497
51 11168
1 11157
108 1567
117 1007
91 6838
84 7924
175 13133
13 4061
9 15141
109 18859
150 2828
15 14001
141 16650
113 11879
9 4694
23 19702
58 8084
18 19417
158 19411
174 1380
6 16616
40 17156
200 9054
153 4354
53 9631
175 8731
163 4352
71 18408
189 11706
169 1166
51 19647
34 546
68 11582
23 4490
157 4897
12 3698
199 15562
93 11780
14 4701
133 6503
128 18410
175 3576
51 2107
177 11948
144 17836
153 2392
134 5495
96 14496
194 12452
72 17762
119 15154
81 9853
195 16670
46 4284
0 10659
194 437
28 10797
21 11349
173 17461
8 8332
26 9618
96 12270
129 5361
165 3754
53 7738
49 10815
160 8066
135 11647
53 3893
109 12557
175 3882
93 10260
117 17589
38 10204
72 19606
39 17965
85 10008
103 1896
95 10901
105 5648
139 2356
159 10927
171 15988
62 14343
76 2891
153 18867
138 15381
28 15222
63 18224
70 12606
134 14229
140 16836
41 6197
177 10032
30 851
193 4725
1 15576
32 1164
112 15827
159 16243
140 14365
183 18015
22 19381
178 3715
128 19336
168 14620
82 688
185 7064
46 11234
66 1829
172 15281
135 4476
186 2302
49 2504
22 19318
21 19981
199 8616
26 7164
175 10153
5 14818
30 16735
51 19119
132 1976
142 14396
47 19889
75 5832
152 1404
199 13750
42 2212
132 9373
195 10824
71 14249
188 12992
15 292
81 3836
195 5094
184 18696
96 12720
46 1748
185 6377
35 3229
101 19203
151 12806
21 8959
126 8208
53 8598
129 8219
84 14839
182 10837
75 12046
32 19822
130 15454
171 16903
97 19959
34 7694
79 6469
145 10872
23 5433
146 13819
66 19418
37 5300
131 19296
4 12225
107 16258
199 4570
132 1778
94 2126
28 5440
135 19938
48 630
191 11545
77 7575
36 2932
175 14624
64 5969
97 17412
47 7606
67 13314
112 7821
148 5080
188 2263
187 15214
179 872
117 11337
196 10569
85 1902
145 2724
58 1213
55 6640
11 13418
12 6010
104 7891
53 5060
158 6944
161 3473
96 13541
138 18134
86 5000
11 7040
51 7278
133 10479
72 12322
10 1027
22 19133
92 2924
27 733
33 4457
120 2519
192 18425
0 6807
117 9290
64 17684
53 12078
136 19709
31 11301
95 16200
51 13527
198 19632
164 5475
165 5700
150 3680
170 826
25 17169
176 582
175 1744
53 19200
192 6147
41 17608
126 2596
86 17903
82 13727
10 4827
49 2480
23 18706
86 17570
109 16087
77 16161
139 384
38 14788
6 8857
75 16716
195 16885
155 6485
76 9548
105 8070
133 16329
56 16937
29 7590
101 1029
144 15140
170 7770
66 8776
141 12926
180 16911
173 5996
55 5554
140 9539
62 18434
169 16718
173 6397
176 2249
33 15114
109 12164
62 654
90 14497
77 18730
50 8628
126 9510
133 5091
161 18307
111 11588
140 6213
191 11106
187 17851
64 2790
175 11895
186 18888
184 10999
25 2805
8 11105
179 6796
70 8396
199 16923
12 16097
174 7444
32 3587
81 16992
14 11539
181 9680
2 3750
129 15025
73 3337
1 2020
33 18415
16 6964
31 8717
28 11460
161 8608
49 8294
84 7308
48 15696
76 8054
117 6285
26 6549
146 3108
198 10187
187 14434
189 9252
13 19726
67 12045
169 17845
64 11068
8 5286
49 568
126 11719
103 6151
68 17805
41 18557
181 15952
11 9677
22 14818
54 17140
83 17531
55 12797
84 7119
7 17074
178 6878
90 11939
153 17566
141 17216
93 8819
123 3818
84 14502
171 17594
7 17813
147 18566
115 2882
35 3772
151 18577
72 9226
59 19595
46 6862
191 14481
81 17388
170 11704
49 699
175 17750
152 16478
91 1040
155 2423
122 18721
104 3141
79 7497
99 6102
92 9260
116 15081
189 10979
0 3408
170 7874
192 2681
171 7901
93 6138
32 16098
132 19864
126 18592
26 19588
35 13549
85 11435
84 16497
177 7305
144 636
55 10581
61 11901
178 14417
188 7281
113 925
68 6444
45 13579
119 15939
183 2567
94 8631
178 2145
121 1460
34 9905
112 13574
91 19355
179 3102
145 10956
64 7029
9 15046
140 6280
143 2764
180 15385
47 18266
51 17055
164 3264
141 10770
67 14989
109 4761
92 15151
73 15109
17 5496
6 11947
198 14282
26 16327
63 558
28 6331
72 8581
27 19775
70 3552
117 10364
121 877
178 12969
9 14887
52 11942
44 10859
4 4952
137 12681
101 16584
53 11555
27 19075
174 13871
167 2423
4 18478
187 9639
196 14439
35 5284
6 16402
159 11925
158 3717
192 11019
169 11849
150 421
131 12113
66 1644
115 3375
42 13436
2 10882
195 7683
94 2479
73 959
171 9686
180 12901
92 19601
23 18182
21 10614
158 7408
59 5793
58 18227
79 17076
6 5591
66 304
63 2887
68 9870
35 4442
84 1506
99 17691
100 7226
33 5861
199 9308
124 10791
79 17720
0 9273
171 3818
31 3224
67 635
73 4744
93 17728
84 1354
94 13981
67 13972
118 11682
73 16257
77 5659
45 3123
111 16507
58 2675
118 17695
99 17600
100 2215
140 14468
11 4524
62 3014
45 5289
109 16714
196 12371
150 17104
106 4905
78 1424
99 17174
141 7786
0 6720
138 18962
122 7148
117 14042
92 18305
69 6909
106 2446
88 7243
28 4850
165 18171
153 19842
85 3448
107 16693
169 19319
94 5780
198 15741
30 5546
200 8081
77 9649
61 7417
136 11296
29 4132
162 3712
2 8893
176 18682
17 6329
147 12078
7 8048
13 6001
32 14740
90 2827
83 17644
118 16410
121 12582
198 10146
1 16995
177 1150
21 12801
109 19797
10 11930
40 9546
188 13951
88 19738
80 371
186 4429
104 4867
105 234
145 4704
36 15509
48 7255
106 14649
38 4734
160 12551
2 14430
50 16852
184 11658
34 17968
57 11998
24 14801
169 12622
196 3253
53 19378
110 19292
89 5100
77 7954
175 7370
97 14131
147 667
6 13912
195 15050
183 2880
150 2357
165 12520
88 8692
63 9032
157 13387
174 7999
99 8880
171 10423
44 15045
68 10270
127 2961
82 2996
132 8682
61 10049
29 1587
42 7658
128 8666
127 8903
41 4534
186 1864
18 1006
100 619
198 10899
9 8283
125 18220
11 4244
121 19997
40 1295
44 13232
23 3159
52 17180
84 18119
174 5517
186 5427
26 17306
149 7613
66 16713
160 7142
54 16539
153 1953
122 19493
37 4907
103 2152
34 9206
103 18312
168 15216
139 13830
35 11154
17 16467
157 4922
115 18584
141 5804
179 1171
196 9136
24 16637
102 4703
197 15289
6 18617
197 8069
78 18529
176 16757
181 19147
95 3193
60 2608
50 6534
99 5091
151 7580
18 16014
11 17102
35 9372
26 1679
200 5349
21 13852
183 4454
61 1988
165 18380
81 12640
75 795
132 5152
107 10846
184 4596
129 2658
200 13796
164 3932
133 2427
70 14882
61 3500
