100
118 1667
87 541
166 1220
141 1738
43 533
15 1306
115 1543
118 1841
21 1450
64 566
163 1495
180 1844
132 943
103 254
44 1369
95 1481
170 538
139 345
110 804
140 512
187 588
95 536
128 910
24 1957
29 1037
155 1227
90 359
148 1651
38 1677
22 264
46 1316
133 945
26 1044
12 1668
67 1267
135 1075
27 1372
10 798
46 1609
156 804
118 954
198 1945
23 1245
136 204
150 412
194 363
101 1494
89 308
99 919
169 980
200 647
135 1300
35 880
88 689
3 391
198 676
126 1477
13 1365
39 1011
17 1313
61 779
49 1342
72 1244
89 1816
21 1058
109 1041
89 741
124 1162
99 1779
102 1540
117 1217
96 848
135 381
131 203
34 1307
188 371
126 215
115 1843
80 573
51 896
94 1584
200 1743
151 836
172 1607
185 1723
150 1697
19 1605
142 751
22 649
2 1424
16 1875
187 463
119 1935
118 890
183 456
72 727
63 1999
196 705
105 604
165 1930
