1000
132 14535
31 16163
192 13992
39 8812
198 6788
134 8987
29 18113
86 5368
146 14949
180 14537
87 9252
88 4976
73 7389
118 5876
73 3535
64 6818
153 3790
139 11236
72 9163
103 16362
134 19480
37 19832
87 12333
184 2980
124 9901
147 13788
53 5149
20 15740
9 4504
40 14470
115 8979
83 6839
75 2986
68 5166
178 19870
48 16891
163 1103
33 5192
113 13869
11 11957
70 10389
162 2178
61 6742
168 4696
159 16951
121 9342
147 18869
55 4768
119 12831
119 19728
118 2691
147 11326
178 8080
91 8149
130 19304
72 10219
38 2688
136 4734
126 9022
161 2584
78 11133
26 14882
60 6767
65 18516
28 5049
13 18092
24 18366
162 1491
4 13854
40 3982
81 7351
192 18984
111 2534
188 703
3 4992
175 16907
146 6505
7 5801
86 10881
22 2990
92 4263
140 2632
169 16314
82 15275
55 11801
76 7925
76 2096
97 19568
4 5494
98 7074
2 17309
42 15076
18 9131
24 10637
121 13006
108 16449
184 16592
46 13162
0 15724
179 16295
196 4790
187 5049
102 1553
17 5182
59 16911
135 10090
26 5530
127 2064
93 10418
55 4662
96 10580
37 17531
71 18221
28 14926
180 17391
142 7074
28 7349
144 10748
157 15121
95 7354
94 5378
89 4998
140 1934
18 10119
26 17623
123 2795
181 13513
40 5157
57 14418
107 4535
114 9222
157 4454
164 15954
97 13005
95 3114
138 2564
109 8399
59 17676
85 11593
87 4695
147 3112
129 15468
111 5191
134 9261
35 1054
157 12141
49 2359
63 4544
77 8952
55 312
78 1747
122 15908
3 4747
190 2287
54 7646
70 12731
123 1319
140 8000
168 3392
71 1997
56 14501
74 11670
154 16066
88 14055
5 15854
116 6110
179 18456
26 503
115 16516
113 19704
52 4255
176 1225
87 2124
189 1696
48 18793
98 18861
34 6763
53 10279
130 4077
75 6020
145 13972
196 17316
93 14525
200 3295
45 17011
43 17718
178 4126
168 4941
198 18994
34 13728
158 7735
49 3525
139 18057
120 11623
0 8588
185 16259
108 19323
34 14167
61 14769
38 18405
67 7866
108 19015
121 12493
2 17424
35 18431
38 13356
23 16258
3 3353
198 10472
118 3292
47 4710
196 2539
180 14109
15 1498
179 13326
38 5510
23 18905
200 5407
175 14630
158 9424
169 7805
119 17153
157 2942
82 19617
14 19899
139 3740
1 5971
52 5237
88 8954
70 18627
192 19027
100 16385
115 8370
5 13783
106 16137
179 14352
15 5466
44 19276
38 9945
17 6272
109 7170
177 14251
50 15060
125 7266
101 10217
68 1273
107 4976
119 13217
51 4322
83 2446
120 13236
56 3232
51 7900
82 3541
19 1370
66 17529
27 16986
131 5334
134 12033
91 3570
77 2903
20 17540
105 11187
22 11535
169 13409
186 6992
125 11555
44 13350
44 19873
68 14077
27 11074
69 2876
47 10046
150 6785
25 6204
103 16685
130 7763
112 18364
171 8040
52 3300
165 6465
149 13296
93 6295
120 4999
37 19621
64 12545
119 17049
47 18128
160 9139
123 3889
50 6349
26 7945
188 9233
84 13746
70 12822
182 18408
24 10212
4 1341
24 1124
180 8711
172 378
171 4589
132 7155
19 19083
80 17967
85 1412
165 9847
91 2019
119 9981
93 18862
76 9983
7 10188
138 13154
124 2379
39 9732
156 17594
146 2815
81 14910
81 589
2 10384
174 10278
27 11078
133 1909
165 499
36 10818
37 18557
80 7789
164 12342
140 6919
20 3184
179 7029
145 7075
97 13023
48 17607
124 17588
164 13373
102 8939
118 13906
40 3428
116 14180
50 3555
139 8391
10 12581
99 12371
84 5943
190 8558
184 18355
88 9809
126 7940
58 361
81 8615
89 2598
146 6256
126 13536
45 6553
118 13686
25 1665
53 17698
124 16325
118 18067
19 12699
72 19765
190 16013
14 6885
190 15889
52 8124
60 5893
188 10562
151 1045
97 7061
17 6212
10 13489
126 8087
124 15987
84 7835
17 13492
116 1207
26 13760
74 1270
194 5037
23 18637
42 1283
73 11169
87 2948
25 7242
144 6029
75 11566
103 531
128 6356
121 14700
104 8714
11 5642
17 2626
90 16072
106 9670
167 15332
149 433
9 2198
73 9243
12 7707
32 8897
137 10104
6 3098
17 1332
49 15771
186 4175
67 17516
175 4871
97 17541
70 19339
64 3263
13 19180
165 11957
158 19317
148 8878
38 2852
23 9967
123 11999
100 10834
76 15787
61 9974
106 4030
118 388
190 4941
96 885
156 2295
165 6416
45 19205
49 4947
98 13127
56 1721
91 647
80 16421
89 13098
33 4847
106 272
127 18786
159 7725
46 8393
97 12634
75 4966
156 17439
125 1577
163 1406
127 11796
154 251
22 17548
183 14784
50 5069
48 15571
153 14129
136 18266
111 12474
20 12689
38 14894
33 14894
69 2287
136 9787
102 9622
12 2462
126 6952
185 15128
7 15673
57 9260
68 3263
31 10765
180 10884
30 11237
125 6880
182 3541
160 13475
194 10328
61 15431
25 13998
198 6801
49 15433
175 4279
120 18084
16 12690
182 6216
5 15959
188 3843
148 14175
14 14568
168 18808
177 3800
76 12772
97 9377
150 6322
158 12642
19 5864
88 2007
94 6248
132 3038
145 18807
115 7075
163 2457
111 3885
87 7272
14 4563
86 8182
179 19694
197 6511
35 2280
3 2617
83 17723
105 6451
174 261
122 1937
81 738
162 18629
118 6949
120 235
72 18813
62 3917
170 9990
128 3252
180 14223
28 11171
191 11832
176 15272
36 1328
132 12738
84 3330
64 12238
45 17885
17 1332
41 18523
108 16129
120 6811
74 11498
37 1869
44 18406
160 19707
108 11102
94 238
180 9634
9 8335
175 1092
196 15869
151 10878
22 2357
26 18110
0 15503
117 16291
124 11869
190 6456
16 6670
126 15536
13 11566
130 2114
23 6785
93 13097
140 18869
109 15094
43 7716
166 18189
180 5264
30 6978
142 18302
9 1036
97 18330
59 9707
200 17776
21 5658
123 6541
23 15067
28 13415
76 8181
108 9767
51 1568
146 8366
8 15398
9 13172
195 9233
56 1453
189 18684
50 11587
100 4098
18 4900
189 281
152 4651
29 1402
174 8644
30 13647
111 10036
168 7518
71 18489
30 10445
114 13278
99 1473
55 14303
60 1959
60 11520
97 5605
69 18503
72 15976
176 3311
190 7246
48 4724
185 738
51 17928
60 10830
78 9725
128 11414
195 17637
166 8875
192 7991
120 5732
53 7315
191 7604
94 2544
10 11760
112 13534
133 9245
122 11553
108 6151
190 12902
192 9378
191 2610
92 9316
32 17444
26 12620
195 15724
125 12727
185 6407
10 2919
148 18376
47 7096
198 10013
113 7890
80 2258
121 3696
180 1689
200 18239
83 17075
28 17578
80 17785
181 7486
0 9820
170 18315
145 8313
0 4384
25 12463
41 736
23 1277
43 9619
0 15287
178 12883
129 6417
31 13673
95 2483
127 10923
85 19890
139 7642
62 4826
5 14822
43 3696
36 1730
110 16259
32 3177
170 8193
16 9764
111 11074
192 6322
155 13015
64 7365
155 17843
171 3729
147 13910
61 8053
52 13601
146 4276
189 13393
130 14334
128 9954
30 12078
135 1847
56 8814
25 15110
136 19433
80 9828
183 13061
86 13142
191 16307
72 8158
110 1515
200 609
138 750
176 16463
49 4462
75 11904
16 1309
77 1488
74 1876
147 18047
119 2094
120 15513
127 5319
98 14867
61 19400
117 1292
45 8444
53 512
84 15005
118 3291
127 13567
25 690
54 1822
17 7413
79 16816
50 16246
45 7045
131 16994
175 12736
36 2041
85 19414
113 4861
97 9039
114 375
49 4299
2 16293
148 9957
72 2285
105 1925
78 18881
27 17908
76 7571
97 14999
84 1318
69 18713
138 7508
178 2129
173 14563
161 17654
33 18506
118 11915
141 17512
101 3404
174 6898
17 1249
3 4073
40 6671
141 13385
4 2320
131 18233
24 7801
76 7908
193 16638
138 9604
96 10851
55 11751
5 2226
18 7446
29 9693
15 15805
56 13058
139 12447
37 19577
112 14744
51 14622
158 16827
64 14289
117 7551
60 357
56 3632
125 18957
159 14837
123 11729
110 17504
177 7722
39 15418
0 8560
123 13876
49 10288
100 11778
133 8824
8 1655
13 2784
176 6522
102 7630
142 9479
113 6894
27 7264
34 19489
123 16891
39 11204
129 17027
51 4641
88 7643
114 13226
133 2913
0 17012
25 8199
141 16446
64 14568
102 18481
87 6644
186 11968
158 3018
129 5863
24 15195
62 16306
23 3070
155 11241
11 7398
163 1382
190 9892
7 1489
107 1201
158 12266
4 5311
153 4068
11 11820
82 4291
129 18440
89 206
1 6656
90 7688
32 8631
186 7295
24 4850
192 9909
192 7748
114 691
136 6578
37 3445
58 8631
74 1301
7 8548
173 11272
18 7582
125 5887
173 1722
173 17314
160 17928
126 13570
87 7583
93 15544
45 4130
115 17241
97 3367
177 1148
58 2079
174 10591
58 8342
132 12521
121 19823
43 19184
101 11145
143 10082
88 574
195 2973
30 3144
140 13649
140 19313
49 11712
5 7853
34 5908
8 11198
119 17321
160 14348
131 15450
53 10453
70 5417
182 7500
66 14456
100 3591
46 13597
130 3417
16 18421
26 9088
86 228
179 13222
19 7258
66 3620
18 17806
3 3743
88 15136
112 7988
36 7268
41 12700
69 12293
148 4790
15 7886
30 1054
103 2626
4 8542
53 19006
51 16630
114 9128
0 5119
52 18711
200 3388
113 11902
90 11936
180 4474
127 16041
66 396
77 7621
116 716
168 8089
102 5017
10 18819
95 1582
7 3468
101 16096
127 7938
111 1480
31 4791
174 3273
188 13265
34 11468
32 3669
17 2919
81 2240
69 15906
93 6754
45 12834
60 18484
195 18240
0 6129
122 7472
8 4772
61 17672
37 11616
77 12849
80 16151
58 12386
83 756
126 9577
130 12109
77 9456
104 18223
161 1564
164 19267
47 4820
115 11344
150 7257
167 8930
112 8751
29 7726
159 18444
165 5768
61 4409
14 3836
10 17910
134 2411
181 7289
1 12205
174 14983
158 1065
194 6594
41 8536
78 16834
149 10475
9 12705
29 6613
105 4018
167 10733
36 3507
127 15535
75 18028
133 7160
131 17023
119 13628
45 4144
42 3363
142 4722
168 11461
153 6485
25 1348
18 18093
147 19364
90 7303
182 12142
197 4302
139 18829
74 7968
123 19900
124 19427
160 18858
177 12988
85 16327
191 13158
139 18939
115 15143
145 12682
15 1492
64 9336
39 15851
95 12101
25 3410
137 10711
152 19795
198 11788
183 5017
149 14221
72 15245
85 1269
