200
5 3456
4 3287
4 334
0 3787
2 188
7 1579
10 499
7 249
4 167
4 1881
3 2505
9 1457
2 3399
5 89
6 2680
7 2997
2 2056
9 1682
10 2804
10 1489
10 346
2 451
0 3025
5 758
9 1290
2 616
2 461
6 818
2 2490
5 2003
9 681
5 3405
6 2791
4 2891
2 542
0 2766
7 3012
10 1317
3 920
4 1683
5 2859
3 2808
7 265
3 108
5 1504
0 1075
7 3752
6 1408
0 3499
7 3703
1 3825
4 3650
2 3519
0 3281
10 3295
2 1867
10 3159
2 3357
2 766
10 2240
9 2550
8 2433
10 1988
9 2904
3 1847
1 2555
0 1903
9 3019
6 2628
10 179
4 2569
7 1200
9 2166
8 3286
4 32
6 2554
8 3408
2 256
4 507
4 2290
0 3225
10 2792
4 3025
5 3850
10 1195
0 2954
6 260
6 1205
7 3767
8 1776
6 2664
8 2137
10 2254
5 2714
0 550
7 71
1 1979
10 2545
0 2740
8 1381
5 2782
1 131
3 3591
10 353
6 1137
10 2956
2 418
5 1885
0 3017
10 1400
10 1483
7 1720
0 3700
6 3438
9 2231
10 2010
2 3381
2 3759
0 762
5 1657
9 2884
8 114
8 3945
6 3165
4 3354
2 202
6 3496
7 3441
10 1290
7 903
0 1409
1 44
7 355
0 2699
6 3020
10 2561
5 633
0 1586
3 3834
10 603
4 1380
0 3794
1 603
4 1960
4 2111
4 372
3 816
0 2855
4 146
0 2860
9 685
0 1735
5 2554
5 454
4 1986
6 2904
3 1355
0 1920
4 3157
1 533
1 1701
6 3581
2 1556
4 918
6 720
3 2720
9 972
5 2968
1 2941
4 282
8 2957
8 3730
3 1506
10 2993
8 857
7 1965
0 3624
7 2687
2 3022
5 3760
8 1401
9 828
8 558
0 3377
8 978
7 1148
3 181
7 700
10 3227
5 3123
7 347
8 1878
8 1641
4 680
9 3435
9 66
2 1944
7 732
3 1307
1 3745
