200
4 2033
9 3565
3 909
2 295
3 1968
4 3796
0 1345
7 128
4 1021
7 1102
3 2741
3 936
3 3010
4 1992
10 402
1 900
0 1307
1 684
8 3346
1 168
10 296
5 3430
6 1425
3 1872
0 3725
6 556
8 1298
2 3174
4 1379
0 1949
9 125
4 2478
3 23
6 454
5 3180
4 1698
10 1970
9 3306
9 2407
7 1941
2 1103
4 252
3 2357
4 118
7 1259
8 3920
0 3212
3 3803
5 172
3 949
1 1696
7 720
10 3036
8 3710
1 3125
3 964
3 3411
9 1028
6 2641
7 978
2 245
10 86
8 2732
4 3383
7 2215
7 3002
1 3066
8 3664
4 1642
10 2071
0 215
0 2094
6 165
7 3054
2 1084
3 3943
9 1537
5 193
1 2356
4 1455
9 523
2 446
8 1185
6 3362
2 2650
7 461
6 1954
8 3456
6 2857
3 2511
9 2834
5 2004
8 958
5 1470
7 954
2 3282
4 1323
9 2928
9 2597
8 2683
6 3365
1 3140
7 1181
5 3038
0 1972
9 3000
10 2540
3 1239
5 3680
5 3994
8 471
7 1427
3 2194
7 3170
1 427
9 3517
7 67
2 1943
10 79
1 1206
8 495
0 2500
9 3310
3 3923
3 309
7 1067
1 374
4 464
9 1879
2 101
5 116
2 1404
5 879
3 309
9 3837
2 3037
2 3638
8 32
10 3085
0 392
1 2894
6 2646
4 582
1 2398
2 416
4 2456
6 3143
10 1875
10 2172
0 3890
3 1094
3 1973
10 475
9 2257
7 1181
7 1527
5 1048
2 1353
0 3309
1 686
0 401
3 2825
1 361
4 3233
4 2205
4 429
1 1003
5 1169
5 3494
6 930
2 2500
0 1104
8 1858
5 2832
7 2550
1 2380
1 3981
4 2047
7 3478
10 907
7 2708
7 1206
9 3669
5 2732
0 368
9 1788
10 2589
2 1697
1 1097
5 1260
3 1050
10 3706
2 62
8 3122
8 529
7 2740
8 2391
1 1944
7 3638
0 2158
