200
2 538
8 3959
8 1444
3 2753
5 2239
9 1092
9 1457
6 1940
6 3109
5 1935
8 590
5 364
7 1773
0 1329
2 125
2 151
9 3142
9 227
8 2482
6 2026
8 879
10 479
7 3173
5 1004
9 2041
1 2543
10 2090
5 2539
4 1082
2 2898
5 975
6 2480
6 1566
0 2114
5 1781
5 2177
10 3812
9 2945
9 1348
1 3662
10 3296
4 3896
9 2097
6 2030
4 397
1 2447
9 878
7 2583
7 2117
6 1677
9 786
0 2692
6 2800
8 3142
0 3703
6 288
4 58
4 508
4 1934
9 1221
6 921
8 3496
6 478
8 494
9 1441
5 1387
1 740
2 346
6 2619
8 3712
10 839
3 2381
8 1300
10 1981
9 1468
10 1889
1 708
2 1368
5 1241
8 2865
6 2890
7 1726
1 2317
1 1403
0 2591
6 2132
8 3650
9 1843
10 1731
1 2795
7 2527
0 3643
5 604
6 742
1 1258
7 757
8 660
1 3524
6 3819
9 2339
9 3189
9 2957
0 931
8 894
8 929
0 3752
8 2175
9 1598
0 361
0 564
10 1733
0 526
5 768
1 65
6 440
2 1838
10 3498
2 2199
9 935
3 2568
0 169
7 1351
8 3241
3 782
9 71
3 439
5 866
3 454
4 2411
0 3649
6 49
1 1809
3 1109
3 3007
4 1011
4 2694
9 2692
7 3860
1 3516
2 2004
1 3817
3 878
4 3877
2 1822
1 2832
6 285
10 115
6 1689
0 295
10 3528
0 2504
2 557
3 725
8 1524
5 1026
2 3439
7 1854
7 569
4 3309
4 3264
5 2689
10 2949
8 578
1 2645
8 3967
6 3968
2 1446
5 239
9 2531
0 475
6 2798
10 2300
5 2793
10 3843
8 2605
7 3363
3 3686
5 2780
9 753
9 109
10 573
0 2793
4 2328
4 2618
8 651
3 1139
10 2968
2 63
1 2361
10 204
9 1971
9 301
4 522
1 2624
9 2256
5 2950
3 1781
0 2407
2 2425
8 3177
