1000
35 2037
135 7732
135 1732
128 17442
8 12981
32 5778
193 18507
151 19275
74 16707
116 5490
163 14057
135 11763
168 11856
101 10430
129 4985
170 5270
10 2439
66 4944
188 6621
168 8337
169 10752
87 10544
70 321
99 19847
80 7757
135 8211
11 19379
132 6353
159 16119
164 7917
112 18462
76 505
96 2826
20 9427
53 10737
150 12792
139 17550
64 6180
18 5594
190 2651
136 10947
165 5558
111 13892
156 12288
56 15436
182 2029
81 15277
151 4202
187 11089
160 18394
102 18494
122 1798
34 12821
194 17949
75 14945
71 9571
126 18855
24 16045
123 12125
156 19666
195 5631
79 6789
31 7832
27 17234
184 7834
73 11295
200 18552
25 750
167 19392
122 19971
127 17042
190 658
183 7807
180 5306
127 13683
90 12456
13 5015
100 18418
72 9981
121 12127
26 8419
14 14580
69 7039
20 8596
177 291
145 2213
107 16800
153 1565
124 11181
55 2733
137 9846
157 16997
51 15260
86 14965
94 12818
71 1143
89 13180
64 2489
176 3821
28 17038
141 3657
99 509
82 13398
31 5788
77 16471
137 1054
90 2100
56 7199
150 18302
40 14042
39 6675
57 17631
8 19520
171 16366
89 14922
177 4910
66 5608
7 7905
139 3296
88 5078
40 1284
65 1934
123 2738
155 15227
187 5747
133 835
154 10339
67 13325
110 15979
35 12604
174 12143
69 16120
7 18565
40 7527
175 4979
77 3501
151 4122
58 15393
87 9879
15 1738
190 12674
44 4298
62 3634
176 17578
78 19557
172 2051
12 12959
156 19249
131 6614
4 8437
159 7227
92 19665
157 9114
184 14067
19 10229
106 14912
32 2097
156 17544
81 806
75 5922
53 1426
53 14733
32 10573
61 10587
44 8091
166 1580
32 9803
48 6278
59 9986
106 15147
196 4291
57 16371
153 6942
118 14438
34 5585
148 10146
100 17480
160 640
198 2427
21 18656
62 19716
107 12530
16 18911
22 19900
19 3454
137 15285
16 18082
58 5529
115 6566
40 14290
172 5114
13 13820
80 13811
199 4755
141 3054
130 19857
190 203
135 2728
185 8788
83 13621
66 2294
137 9286
143 1694
104 14176
130 9595
186 17776
160 10801
44 6673
168 19134
137 13624
83 14742
93 15706
11 19949
194 8500
14 18197
158 19381
55 12096
126 12127
81 13546
144 8887
97 15010
151 4797
35 3361
165 18488
107 13587
146 5162
152 2993
138 6525
11 12869
96 11666
27 19130
53 12667
62 7475
144 1150
176 13075
179 4712
18 3788
165 19728
175 11057
17 7852
146 11883
174 10569
185 2924
177 17800
81 4338
168 18971
75 16402
60 17716
31 6755
26 5172
148 1334
95 18511
13 3305
152 13095
183 3502
75 10514
200 3005
40 8416
114 17964
128 9292
80 3846
25 14219
84 5703
146 9243
109 6299
177 19729
164 5276
45 8366
89 6473
157 696
102 11659
15 19573
119 18911
191 15319
97 2037
148 7174
4 17781
2 9401
196 7022
108 463
42 11102
54 3836
79 10574
163 2740
109 14140
2 14904
51 18601
198 14933
53 17300
55 6018
123 5020
181 5198
138 4111
20 13054
3 302
90 15299
117 1576
152 6097
8 11341
102 18770
68 984
34 12052
58 15890
122 18344
70 11260
132 18269
34 13377
172 18413
43 15519
123 16915
21 4684
14 8300
171 17766
31 1645
111 3501
183 8173
55 1515
147 3017
73 13306
70 11118
127 7767
35 14257
181 15924
109 6878
142 11582
171 10741
83 7308
90 15493
16 2050
10 8466
160 10025
163 7930
61 6480
15 15889
92 9527
17 15163
117 12755
37 3816
43 17363
39 19446
7 12486
85 19804
80 9289
145 2613
152 15874
90 8386
38 13095
182 5712
199 6547
3 17281
19 10418
73 10330
7 3863
132 18073
45 2783
57 14630
198 7965
143 16420
109 428
193 608
67 8313
118 18509
95 17646
192 17836
11 12349
86 2090
100 1112
148 1329
130 2261
58 4340
88 6130
187 11310
126 1533
35 16246
80 18855
177 18000
124 7188
119 18493
34 11079
98 3873
173 9058
182 16523
10 3768
44 2320
121 4206
158 12560
19 325
31 17728
22 8472
93 18679
7 880
2 5835
72 6289
4 17117
41 3485
181 8099
5 5813
86 5896
177 18997
57 7257
96 7439
94 14312
41 2488
20 5413
181 8352
137 13352
190 1431
120 18182
174 13806
28 14007
193 1327
34 15876
180 10039
15 12311
86 18805
145 19379
43 8409
22 13717
18 17994
40 3417
131 9594
109 18434
117 16775
105 3448
84 19926
163 19710
36 11057
106 6706
128 4806
67 7278
34 8279
20 6710
41 12534
28 13140
122 776
58 11632
96 1734
102 17831
94 15021
45 9898
192 1159
171 11969
82 6523
66 17517
176 7647
40 7843
131 13413
159 6075
176 15119
190 13130
4 3243
43 17788
39 9620
185 10808
185 5990
153 17173
133 3156
86 490
146 17316
152 18752
28 4332
183 16236
188 292
70 14974
181 18875
37 1350
155 12693
106 12020
42 15024
104 7657
60 1352
100 10154
198 13736
15 6075
139 6971
96 1308
10 8317
22 19762
94 2413
67 11161
8 6097
83 11524
141 15924
125 7149
62 13755
101 19195
139 19885
144 6030
48 12392
173 5211
170 17098
179 7336
19 6979
186 14644
182 18535
78 4178
174 12075
47 3635
198 13269
140 7076
39 8272
117 15776
130 5042
65 19096
85 6563
124 7073
148 1690
63 4968
157 17917
193 4183
180 14662
72 9129
98 1717
120 18508
17 7788
174 5451
193 10338
131 18941
32 6363
155 15017
143 2583
160 8213
101 19445
142 18621
48 16348
59 9860
57 12874
98 5825
85 12989
126 9486
22 9514
151 8598
5 3492
197 13200
119 14226
77 2542
0 11892
43 17162
28 10054
55 11143
187 2462
180 232
103 12213
136 6276
63 10634
36 10224
186 16434
139 2565
183 8976
57 12746
139 10206
76 16402
56 12634
119 4185
66 17274
81 295
87 14377
199 14512
153 5167
106 7194
64 9838
151 540
171 12379
180 15109
98 10241
179 14870
166 15827
46 18567
131 7626
118 8116
174 2611
99 12582
154 15128
163 4294
55 5802
8 13561
58 17932
42 11767
164 10739
112 2970
35 12879
38 11046
123 16848
139 1202
113 15890
7 3609
12 14348
63 8509
32 17396
195 7487
200 4040
17 12574
130 3656
101 11508
148 16814
173 10569
48 10171
154 19899
162 2713
88 8185
85 6398
190 9851
13 6879
126 12424
89 16646
152 3367
13 4102
130 15932
45 409
117 14394
81 18845
121 11450
79 12342
74 14021
174 8756
80 6282
70 8213
192 9294
185 17930
100 9573
98 2579
56 912
106 8937
94 272
150 2115
66 4525
178 5100
97 14728
74 18274
107 18668
139 9482
116 5530
92 4585
47 7933
19 19954
113 7203
16 2412
140 5880
195 573
76 12073
45 15865
163 9625
90 14561
187 11350
25 6508
5 15590
188 447
98 6405
144 9446
9 11748
71 14906
23 15294
136 8652
137 3752
33 14430
63 6151
41 15934
197 996
174 4764
103 10090
73 12774
18 17800
152 11884
167 16809
200 11164
146 4950
126 15299
135 3244
37 5991
133 4853
38 15648
53 1089
17 5022
9 2926
95 3829
166 12868
164 12827
137 17430
57 4683
42 4218
82 12266
171 16687
72 18450
193 8382
150 11227
149 3613
139 5109
65 19580
7 3222
157 5109
112 3313
63 10184
198 11169
140 15266
2 13887
16 7193
174 15094
128 3747
123 3708
27 13745
120 17133
131 17589
94 18946
68 16404
144 17948
164 12355
84 8790
31 2661
116 8784
81 14774
79 15473
199 10215
29 15386
119 6384
4 911
176 1210
96 16183
186 5269
86 10653
33 10586
172 13149
59 9586
35 8666
141 19468
19 3724
68 12912
90 14827
81 18176
50 15841
101 4585
102 17435
146 12135
29 15115
167 16359
134 8495
38 13094
2 14680
110 11457
38 9152
29 18184
160 7045
18 15438
59 5358
121 13421
39 593
24 18177
82 5446
93 19321
117 9619
84 14578
172 18806
82 12308
195 6967
35 19735
161 11441
130 11482
112 1142
37 13241
182 15877
76 14220
54 535
15 8357
123 16857
143 2153
9 6361
195 11642
18 535
40 17078
148 3977
159 6774
39 13317
68 10901
35 16093
63 4101
116 14116
70 7527
84 4120
96 12617
167 6238
49 17617
169 16323
116 19375
108 3206
68 9784
96 14725
43 18103
143 11967
130 19479
195 19077
161 18865
119 482
98 3927
188 16424
175 9196
80 15656
178 14594
200 13206
65 14309
95 8820
34 9174
12 10075
143 1165
48 2289
178 7576
170 12665
69 7272
119 14624
52 8273
67 2369
152 3403
158 5936
20 19508
43 16322
112 14944
103 4867
113 2406
176 4672
193 11511
62 19279
120 19000
131 5476
174 16778
123 6131
40 4945
114 2572
149 6695
106 677
134 7726
17 3475
144 16664
120 666
167 19283
153 16205
37 9415
0 5827
23 3630
154 4866
96 18932
102 16890
140 12475
113 13006
69 12377
191 6796
18 15813
170 1676
100 979
86 12572
24 11713
176 18314
41 2780
184 13773
82 7031
164 12961
117 6050
194 6528
74 13705
16 19447
147 16775
69 10499
131 18075
126 18541
24 11342
70 10533
23 9342
165 10715
121 13295
170 15880
156 4203
82 13400
175 15988
137 12852
168 6694
150 1705
76 9044
186 1285
86 2451
134 17340
60 11379
141 18780
140 4749
136 7882
188 16541
9 8566
162 17871
52 1952
22 4559
143 17816
189 12998
133 8503
50 3603
1 2981
178 3546
96 5424
141 16862
3 6111
133 11778
45 17150
124 7035
93 7723
120 18310
71 17526
9 17498
30 3996
138 7494
128 4501
121 284
92 4131
83 10432
76 8664
74 796
116 17178
120 19085
66 7790
145 13071
30 6636
38 4303
166 18864
168 14881
150 14695
181 2159
166 18073
29 13242
106 8301
170 1392
184 12607
37 1666
144 10335
21 14720
114 2079
130 1575
199 2685
173 8626
103 2275
151 18252
183 19680
12 16892
38 15506
134 14980
13 6107
10 18531
45 2743
110 14042
76 11941
193 9565
62 17329
167 2049
109 6566
166 15621
128 9116
152 19596
2 6201
99 11728
52 4411
137 7141
177 19243
104 15479
8 2389
149 11093
65 17819
28 8174
189 9546
133 12472
62 5789
4 8903
147 11319
155 16755
161 15475
157 15141
116 16500
106 3709
196 14470
24 15007
176 4957
62 14477
160 11275
39 16953
62 16386
168 6689
68 17216
24 3910
198 18923
114 4141
191 14203
141 681
120 8960
141 3172
64 9945
181 5025
144 19711
198 1294
95 19361
82 14365
149 9727
3 2921
60 3573
139 9423
135 8835
125 11166
95 8565
47 13260
