1000
37 15869
134 11453
119 12675
24 3393
179 18967
145 14896
120 1626
167 19752
33 10807
152 16305
104 6149
87 12097
189 6644
10 12918
106 8817
24 7702
107 19361
120 10966
196 16981
192 14736
13 19991
67 13953
126 19861
15 12701
188 3430
118 17399
197 18191
124 15679
98 6587
3 6458
184 19046
4 14965
101 18975
4 18446
44 4179
21 17778
175 244
63 5962
152 3061
131 11941
115 12534
154 11830
155 450
1 715
147 5161
169 6434
167 3891
70 15123
44 14887
38 4160
6 562
97 10996
159 15744
196 10386
110 7697
170 568
101 19433
49 9375
195 12229
0 2936
62 18321
63 8257
81 17602
183 3306
96 3568
100 15160
91 14931
93 7715
50 16916
20 18322
130 9015
113 11196
100 5576
33 634
63 578
129 19452
88 10385
176 10984
165 15555
58 16193
177 15003
66 4126
29 18149
142 14338
63 3884
137 15913
52 18356
104 17847
47 18885
38 353
162 8728
200 5574
183 3658
73 6718
135 12258
141 13460
15 11156
103 897
93 2618
2 19214
5 8316
152 8510
55 17621
42 7122
162 13171
47 297
185 13727
5 14629
38 11684
12 11130
149 19385
39 10896
66 1749
109 15108
115 788
58 15453
162 319
200 1485
117 12861
56 6811
108 8784
38 8078
80 6457
127 11943
128 19683
70 9837
196 6787
150 13051
166 14537
111 9999
52 11594
71 8325
132 9411
11 3169
168 2478
32 15053
102 14011
20 8243
177 12286
57 10870
148 8248
21 3177
33 10353
89 15305
19 3915
139 9738
115 2906
31 19717
118 1340
31 16153
172 759
88 9685
85 6209
55 13017
73 14276
90 15494
120 13048
98 15164
27 14202
113 16871
123 2863
197 12976
29 18590
140 2648
190 9696
60 9056
136 18353
177 19044
104 11791
73 7044
153 1567
79 10466
110 8342
190 15956
23 13614
153 5103
98 14141
47 10058
41 7325
119 3005
108 14338
53 14309
71 8036
14 5603
147 10506
150 12403
148 11692
100 9479
165 13709
153 3396
30 16518
181 10393
124 1160
51 15926
105 12876
31 10950
160 6378
79 15286
91 1974
88 11001
171 7493
142 9419
107 14182
185 16711
48 8102
37 1937
82 19863
4 10564
129 1999
58 941
19 13020
99 6355
8 6878
114 14630
148 10216
8 3417
5 16572
135 4779
117 4246
90 11370
118 7103
100 10571
25 12878
28 608
167 7233
80 4248
76 6868
110 16308
108 19928
92 4530
163 14008
59 18869
31 5592
77 18279
7 746
146 13912
165 6608
80 5382
152 6252
22 1834
82 17168
101 15522
156 19528
130 4617
76 8869
5 5759
139 13509
82 9497
48 16860
154 2361
163 10273
77 11705
29 9755
113 19718
59 7435
162 2327
120 18697
134 19718
160 4144
112 10684
118 16474
48 14103
72 3288
44 739
35 13459
149 4717
169 12146
144 10892
172 1670
110 6838
123 8750
57 10798
151 14098
41 15388
121 18494
157 17786
168 6324
119 8038
20 14759
186 3638
9 16239
61 4710
56 2755
111 15555
20 5274
19 6624
11 6072
10 16182
66 14953
167 313
100 7178
188 4292
19 7529
152 15383
121 1483
130 14179
18 9587
142 8937
161 16548
21 10416
146 16414
82 12725
3 1002
96 9748
114 16283
131 3155
30 6162
113 565
136 8727
5 16968
142 11227
145 13381
157 9287
88 16381
139 18639
146 4903
32 9468
100 16079
52 17754
36 6423
18 18763
116 2723
145 14746
12 10787
21 7080
167 13568
195 8634
71 3324
18 19939
157 11492
67 13793
76 15205
103 5510
94 1283
75 9544
72 5433
80 11711
31 10447
42 19817
62 12971
91 8156
20 14410
17 15602
158 9917
181 15789
7 13614
15 7908
194 5112
56 10981
156 14773
152 8318
115 4482
121 9160
55 19093
138 12586
19 1633
124 5639
158 2154
60 6843
60 10971
164 5533
39 19584
111 5129
2 13325
32 557
100 10672
143 975
7 5284
150 11472
141 13068
4 10537
76 17617
73 12185
48 6645
169 8523
112 11606
161 18494
162 10448
86 8359
97 9662
14 17909
16 17914
184 18281
75 5166
14 15434
184 5027
19 8565
46 18126
21 9922
56 5341
1 487
36 6807
38 18249
145 6217
178 12494
3 6058
100 1945
87 16420
12 15161
102 1643
174 14832
199 4062
67 16132
30 3805
149 16741
155 266
27 11018
132 7779
146 16657
105 5506
147 19389
196 10570
110 11728
4 11680
150 18372
90 2438
125 6122
184 5593
144 2025
120 6638
40 14522
73 12478
93 2143
199 2622
158 11149
160 1004
19 18705
15 14231
168 13263
54 9391
5 17558
109 7656
160 19606
62 2153
38 8494
147 1766
87 4586
114 8901
153 2958
63 5337
18 19742
188 9518
91 16646
142 14074
130 4210
161 5593
135 15219
102 16696
182 19594
109 13578
106 16590
160 19358
158 14513
151 8734
159 15656
129 14565
89 10177
200 1957
155 19976
56 16455
194 18372
176 15321
176 9470
180 2404
100 15237
81 11450
70 15941
117 411
119 5980
72 10197
104 5464
121 17080
191 8089
178 1451
155 1906
50 19215
67 15633
128 6700
30 4365
152 14069
119 2655
16 7851
138 6169
147 14341
81 11815
156 15213
173 13888
47 15742
86 4549
35 1838
0 6588
84 14692
59 3915
128 15228
21 5438
15 12573
171 5823
193 10259
106 9265
194 2928
18 11250
61 14731
165 10901
85 7423
101 8817
82 5469
123 2653
113 19712
164 425
1 8405
32 12520
39 4965
109 1577
95 378
169 19121
20 14085
21 7410
12 16981
195 2469
147 10733
129 1041
133 16731
20 9260
197 16839
9 18411
119 15658
108 11217
8 5255
156 11101
34 11167
175 18260
9 13215
39 16053
27 5907
169 8766
165 2437
90 12343
167 18026
134 10146
64 11797
13 6823
59 18859
128 17746
147 19158
139 959
118 17318
68 1811
34 3464
42 3123
148 2138
127 10870
165 8996
157 622
60 3992
85 861
21 15589
194 18970
122 19973
11 19638
169 19119
149 6379
46 13961
97 5249
112 15389
126 11019
182 7058
187 16071
50 698
182 5053
147 10760
55 11381
173 12944
25 910
40 5190
29 7861
63 5795
81 17037
46 7624
6 9005
66 7147
125 14016
141 12171
96 10114
102 15008
59 18606
45 10261
141 5521
39 4456
62 7188
63 3646
126 17108
179 13317
104 5658
43 17757
36 7579
128 15191
138 3615
76 4199
198 6660
85 5503
55 15986
173 9042
125 16747
80 14712
76 16843
66 18270
28 10617
119 427
129 2201
74 5717
185 217
47 1660
104 565
93 4032
185 19699
154 13200
54 397
198 18200
56 10039
186 18786
181 3295
124 869
145 16118
58 11872
154 13920
98 16020
142 14680
28 14003
62 3700
119 17095
88 16965
179 8988
33 6645
180 1872
43 13633
8 4142
64 1617
40 6396
101 11073
84 3042
163 15814
80 6817
42 17877
199 10904
180 10050
76 2789
112 17762
99 8507
80 15134
152 3933
13 16946
111 4876
0 1071
17 15210
63 13727
86 18342
63 3140
73 10497
165 6922
33 9074
68 15063
18 2159
136 11284
98 13328
169 4707
189 19351
108 10728
11 5715
196 4860
95 18054
140 13457
142 17654
178 6369
100 11542
7 19307
185 11768
37 11117
172 17048
137 19787
22 9613
180 14245
110 7108
5 4368
71 7868
79 13872
173 4570
144 11594
95 14353
87 10383
6 255
127 6551
85 19777
0 16345
54 11515
3 309
77 9505
190 2952
181 6655
136 15165
116 19859
136 7689
129 3310
168 10338
142 18459
45 13894
179 10681
54 17727
164 19075
195 11330
51 4367
131 16029
167 5128
50 12445
194 687
9 4987
115 12201
197 1568
168 15948
135 10708
146 15417
104 2379
6 7030
52 13079
136 12503
54 8885
77 15928
153 14115
172 17683
78 1547
131 10146
154 5527
174 12573
144 18340
117 12477
56 15624
81 4119
106 9441
172 7011
32 9021
157 18438
41 2474
26 8790
154 7524
94 4534
181 13158
21 18135
106 3486
103 2044
89 9422
188 12420
7 19168
163 9910
154 15845
170 17558
56 3092
52 11668
72 1351
198 2813
109 4365
198 6430
42 9257
195 8258
127 17734
72 14722
117 9425
95 5232
62 2999
55 19186
160 10052
168 3976
0 13383
21 9240
48 15918
200 19726
82 6991
77 6748
11 5921
99 14994
199 7035
15 7478
128 11406
13 14011
155 13768
165 4593
131 14467
68 19287
46 1987
67 9331
107 6971
91 6126
174 8803
87 5273
134 12230
53 9101
166 19578
103 15056
136 7360
33 7112
161 19263
29 6442
106 14313
100 408
138 1745
80 13251
94 15735
51 10948
120 14014
79 739
193 6505
28 8529
99 16288
169 4700
157 8456
157 17776
194 13010
62 9518
148 7382
0 15835
195 13873
124 9054
97 4570
97 8137
11 9349
198 17081
128 13229
58 11976
140 13842
50 10199
193 2803
51 7379
5 2927
45 18142
165 11710
163 15966
149 12518
178 2919
56 4115
28 12795
47 19448
150 7362
59 2941
60 15995
85 18490
137 8651
59 11206
70 9669
129 6289
170 18825
183 9986
138 9574
153 17388
171 3472
78 17012
44 18098
62 11090
156 11291
31 1271
97 10509
40 10610
51 10044
19 11764
147 12151
115 15545
83 13453
85 16604
86 7965
165 17064
44 2597
28 6790
192 11770
113 6178
80 19994
80 17484
101 8413
11 6835
10 9273
133 9126
88 527
7 4556
120 5421
137 7926
99 8769
159 15933
105 19266
114 14360
6 10068
49 11499
173 4944
135 624
183 3410
155 11162
146 3654
50 18004
188 6283
130 8744
158 3196
178 6940
187 11032
148 363
4 4025
14 13369
70 18494
141 5734
152 11862
34 6092
84 5420
48 8260
109 4587
184 8714
165 17191
36 12549
90 19041
99 13145
138 277
148 5606
4 5272
44 12145
42 9206
165 16090
84 1281
146 14536
80 3392
148 4136
53 4656
197 7184
156 15714
158 8190
134 19384
111 1190
148 14251
127 19827
188 2414
108 7394
72 18217
74 11760
148 3326
171 11262
79 4398
9 13000
6 1792
57 8127
183 5599
199 9884
88 2341
24 8449
76 19290
141 13361
24 19228
145 16455
100 9833
5 10505
9 7149
9 5612
77 15269
123 14341
37 3649
22 14435
43 8864
14 9438
45 19992
61 19513
19 4761
52 11197
141 16787
42 18665
173 11983
134 7588
37 11620
70 11900
170 7507
62 15333
4 14767
71 17266
146 1460
148 11806
12 322
21 11444
195 8500
48 1564
186 18022
8 13190
144 11218
61 6465
167 499
59 3675
143 15679
54 2072
120 17377
135 4010
30 4282
53 1333
182 19079
96 4566
17 8724
24 13048
133 11814
113 5683
51 8154
138 4649
23 9136
