100
185 543
32 776
94 1540
44 920
28 696
163 629
14 1705
27 1035
178 535
14 1220
125 1780
43 1157
80 324
130 847
61 600
8 1630
119 1746
27 880
183 286
195 666
115 1310
171 1138
134 1240
14 1744
61 1135
188 1279
128 1750
171 453
149 1025
66 990
11 1527
101 1647
0 554
17 1381
131 783
153 458
77 934
134 1918
43 385
195 740
32 1957
154 837
45 244
182 572
90 677
52 867
22 679
8 405
63 1314
181 1040
144 680
85 1780
146 677
195 1160
60 499
33 907
150 1230
83 220
141 1990
144 1983
143 1198
174 1417
159 585
147 769
11 1375
7 1199
184 1114
142 243
100 1543
159 992
197 1567
9 1328
83 952
26 418
1 1925
169 1838
178 363
61 1470
40 443
130 571
47 1690
2 1798
11 874
1 1367
75 1397
10 793
10 881
79 1309
160 1615
21 1919
69 648
131 1999
57 800
138 1221
118 1140
52 421
139 1026
2 912
45 778
200 1725
