100
97 1516
9 886
87 1943
61 1906
180 622
190 701
170 1925
141 970
45 1032
166 1561
122 1966
127 915
148 964
187 1615
122 1856
13 1712
3 264
176 1456
115 1719
24 635
182 838
91 1896
141 1620
172 1024
92 783
47 446
117 571
98 1850
67 1547
66 495
105 1730
52 1253
38 1987
32 1903
98 1890
86 1611
21 1501
88 455
142 784
196 311
21 1082
40 1123
21 1319
114 1210
117 329
182 651
133 1734
142 329
138 957
81 1886
103 1164
14 434
189 604
78 807
24 1873
147 1639
111 392
181 1281
106 476
12 1900
39 954
37 768
73 1207
5 1984
117 1318
83 269
34 747
106 230
82 1196
48 447
154 1542
23 1337
118 1055
99 753
19 1443
88 1003
47 1945
48 1610
183 1500
122 920
32 941
175 1423
116 215
175 1672
13 1197
28 1860
52 851
73 1747
88 1472
154 1778
30 1983
195 1315
71 1115
8 1366
119 1278
196 1649
45 1924
172 1436
117 1596
144 1628
