1000
195 9699
168 12412
169 7806
150 9570
186 18786
184 13136
169 10625
197 7116
110 3932
187 19311
1 11292
108 16600
137 4867
28 5765
28 7763
163 9637
65 12711
118 16520
126 9087
130 12130
64 3053
96 2736
142 398
66 12642
79 8349
200 19733
55 6775
128 6137
176 8165
167 8145
138 4399
159 17768
27 18098
7 10979
29 12031
49 17022
72 19979
94 3984
57 8972
161 15457
197 15284
50 10515
170 16672
100 13480
3 17080
65 18708
38 4768
123 648
190 2906
27 12317
103 13856
68 11892
90 7860
82 5295
165 7503
169 12025
4 3639
157 13924
142 18502
88 897
149 18240
47 14303
47 15594
11 17470
157 16549
20 15606
144 16278
9 11010
73 2197
109 240
8 3391
54 3273
32 262
99 18060
31 16748
35 229
5 1086
166 726
19 4675
57 16434
130 19297
84 18160
189 2698
95 19469
14 11253
148 2878
171 5954
118 18478
183 16183
124 16626
124 17140
46 18274
63 8465
156 17923
97 16334
7 6794
189 6457
193 9507
125 6163
180 8036
62 10927
53 11841
185 6657
119 16767
98 19381
150 6063
170 11010
191 16287
107 12686
174 3000
91 11385
5 10323
69 13850
87 3540
142 4219
163 984
38 17431
176 10313
142 9793
49 7264
67 9229
50 5829
57 11418
29 634
117 12765
43 7531
190 13982
121 444
95 13681
22 19181
187 17586
99 6702
108 12619
54 15287
164 14667
192 4102
32 17645
48 13429
93 19950
183 8794
154 18294
32 10378
165 18364
73 4188
104 893
76 6716
99 11728
82 6485
137 17103
175 19286
24 16108
148 19136
173 6153
198 9275
140 9287
58 8607
129 13404
154 15142
54 947
27 8524
173 1346
160 7735
72 18317
98 15225
65 550
151 4869
178 18727
40 5744
97 12847
172 18447
138 1979
2 13899
170 9178
117 10988
41 11738
180 10296
150 5165
61 17520
93 1543
59 16355
187 3470
110 14116
142 7442
107 4024
30 7781
40 3007
100 5847
90 1052
14 18932
138 6394
164 15562
12 19835
100 1025
53 6399
77 10958
79 6383
68 11005
48 19585
111 5771
70 8901
88 7378
194 5830
125 1132
6 19826
190 18498
155 7528
159 16543
119 3688
55 5337
69 6059
139 16068
62 19900
76 2682
150 17501
103 11501
179 11698
102 5485
7 13413
169 14608
58 6257
21 17840
39 11711
47 15273
147 3347
60 6424
119 12048
186 13217
16 19925
73 593
68 14762
23 662
14 8216
107 18368
141 7363
136 5902
180 4127
13 231
1 16282
99 19932
186 10358
163 17707
49 1410
134 9819
103 530
18 2367
157 2544
35 14637
112 8775
80 9451
35 19768
194 9664
176 17452
115 14263
195 526
194 18754
72 8806
45 1996
12 2248
131 15543
23 5819
46 15970
106 9040
16 15307
79 6816
75 10549
124 18768
90 17880
172 5843
153 18614
107 8269
185 17546
186 6915
163 4595
181 5779
172 3106
61 3201
75 18900
189 15643
139 3165
172 17435
148 12969
20 11110
63 11531
124 4147
167 18287
196 15317
68 18962
1 8230
27 7644
80 15377
66 15756
97 3143
78 6388
15 9970
89 17121
115 19298
127 1164
110 14848
57 17324
18 11033
181 14405
138 11918
113 19955
143 9919
187 12005
14 5464
126 15935
91 1953
59 18091
47 8989
70 1821
91 2053
128 2041
163 7251
68 11645
159 15644
102 12165
191 10815
24 17645
23 13791
194 13319
57 19857
68 10439
88 13567
116 16909
175 11155
60 3530
188 17910
8 8862
106 2126
155 4833
9 17122
128 14933
108 17698
66 14456
69 7321
4 19552
165 3153
115 8537
14 3708
46 8133
132 11637
149 5103
188 9508
111 11134
126 11294
15 16077
184 13506
107 12676
27 3820
65 19875
200 11158
13 4644
113 15052
43 12019
177 17948
149 15331
33 12086
181 18780
78 2443
68 18614
89 18800
61 9572
143 11861
98 12857
113 6057
59 17627
89 2790
178 6784
1 463
118 18550
149 14462
49 6800
180 11501
165 11733
156 10617
119 3065
89 467
114 479
113 16357
4 16622
159 19782
192 3796
149 16958
102 17774
13 16085
147 4984
70 4099
43 17669
133 10683
72 1893
103 9138
108 10272
32 6177
153 6189
149 6489
147 2353
34 3642
183 15516
172 18806
51 12445
60 12748
5 829
24 19379
97 19342
183 19487
89 5322
43 18214
40 2129
21 4802
188 3969
153 3306
39 3745
85 3387
194 18912
197 15651
84 12934
12 12375
54 11482
42 243
38 15762
61 14487
121 15832
46 17314
50 17899
200 19753
173 15542
48 416
143 19414
198 14442
47 7082
37 7975
49 4801
132 10581
7 9337
196 2168
7 9816
44 1313
180 1566
151 14983
114 12372
49 19675
130 1607
81 6467
101 16437
146 18393
183 14288
38 12370
129 6503
21 10597
117 3550
120 2485
21 18402
123 5491
164 16982
127 9593
17 5466
129 1503
159 12036
171 4039
175 11277
169 3704
27 8667
68 10263
105 9790
119 19819
194 15204
10 3207
144 13069
24 4701
181 7497
129 11812
45 19049
180 3123
176 14954
92 6411
38 5453
178 3312
141 4087
102 3735
56 9543
83 16798
66 7938
13 14662
137 18633
0 10839
10 14557
110 8430
152 13715
78 13334
160 9252
107 15069
10 16360
34 13289
179 14931
3 10672
81 14059
67 11604
138 17448
126 9961
200 19968
91 8660
111 11815
96 7730
196 12743
75 10493
85 1222
129 1166
66 9405
91 9563
182 9504
111 8977
2 9530
30 8305
166 4472
180 3533
198 1223
115 18249
153 486
94 2958
119 12369
160 5870
120 15369
200 12250
159 13244
80 12825
145 9512
131 8833
108 12043
143 14749
185 7164
74 3939
111 13410
68 14057
91 9537
188 9482
177 11163
15 8286
166 1904
131 3241
194 785
147 6034
46 16843
22 2167
101 9032
45 3474
45 11057
97 13156
188 8394
78 5785
117 11254
81 18218
154 9739
2 15108
152 17059
49 15260
89 19215
197 14597
190 5542
89 9428
82 9736
66 6989
150 18598
120 3038
198 872
75 7930
169 19140
149 10348
123 1272
128 17059
96 8813
35 16978
116 19539
56 6130
40 3346
36 9938
113 12965
33 6095
43 6161
28 19685
75 4384
7 15538
28 2039
117 18625
16 6481
2 15031
161 4885
152 14970
121 8531
179 8717
22 10454
61 12637
187 2305
91 3730
113 2072
175 13694
118 2449
154 1724
98 5623
124 2449
192 10129
49 2667
184 5455
190 1227
69 13788
29 18130
105 9254
78 19553
34 19354
194 2885
73 14231
69 5957
81 7693
114 2473
99 418
129 654
101 7500
129 15943
11 5988
75 6470
112 13833
63 5785
192 5709
37 6032
152 5539
60 4213
36 9973
19 7014
194 5536
164 11985
107 7174
47 1212
156 11647
101 18184
33 13177
30 6200
128 12560
145 18979
137 2538
175 14222
106 7792
12 4362
160 6284
181 6545
18 16509
59 16724
9 5982
112 12673
47 364
104 384
192 5619
111 5439
26 1352
178 847
100 15054
81 15741
193 1228
186 4823
158 8596
189 10735
143 7339
76 7887
15 8835
68 8594
164 9461
71 3075
88 16022
88 4089
51 19497
23 7546
167 1754
31 3674
163 13560
79 3732
50 7954
156 13946
13 15018
58 527
52 14280
13 4536
194 1303
16 18279
176 10501
107 3620
57 6298
160 3867
108 19643
89 4186
32 5814
127 2844
68 18405
166 15482
100 19743
102 9744
149 14440
64 4057
29 14991
87 4840
77 14720
137 2667
155 2958
18 15018
168 783
12 7698
89 5602
131 14118
74 13084
181 5110
111 17879
12 16520
37 7237
6 1607
64 12846
23 8310
154 12354
198 5283
76 810
136 17150
195 5074
118 7992
31 18114
147 13057
43 6479
117 11070
147 2404
168 8673
162 9562
95 13385
11 5228
70 16824
127 10655
115 4928
151 12472
17 7600
194 4628
142 17534
82 19247
171 16412
185 17447
179 19045
53 4370
200 19447
36 3096
71 12185
32 5557
69 17722
92 10288
150 6307
131 10566
56 5663
96 6916
18 12867
87 3115
159 7327
190 13252
180 17438
30 12191
81 8605
132 1754
172 18322
196 3743
9 8143
192 13337
150 9036
77 12945
104 9628
162 10909
112 18546
192 7404
123 17704
165 2768
63 5449
6 12084
160 2960
56 15192
132 15698
152 15206
95 5878
3 11717
12 9432
7 4850
173 3134
13 12293
70 3538
129 3814
55 2770
177 11114
173 13198
43 4120
162 18566
151 11517
21 11155
129 13947
71 13654
116 14770
17 9388
11 11081
155 9575
89 11539
109 7039
88 2717
121 15112
128 16699
107 7899
109 11381
172 12979
170 884
113 1560
136 9605
82 17225
77 19870
4 3107
180 690
73 5477
84 15630
146 15493
5 14301
143 5854
29 8409
42 10317
43 14269
18 13084
53 967
170 16162
127 237
117 15826
176 14067
31 14443
30 2644
121 15634
139 16193
114 19683
143 6584
93 6965
34 15734
122 12009
7 2769
18 5237
184 7400
94 7184
90 3602
2 11847
172 12487
181 7465
71 13736
1 566
147 5966
154 17240
192 18675
50 1683
54 6256
139 12006
81 8126
148 3745
33 9891
80 12074
153 14795
156 2387
0 12882
52 14761
87 14601
46 10399
90 18283
73 2629
198 14559
48 12828
150 12753
60 8508
134 6080
171 290
117 9992
36 937
120 783
184 19981
96 3533
147 19975
188 794
127 14566
86 13771
64 12077
28 13894
41 4996
36 3359
136 1178
194 6708
30 9329
51 16168
66 12157
114 10819
55 15068
44 12257
56 997
39 419
135 7313
98 1608
72 2109
104 1602
43 15274
170 1039
171 11935
20 11258
95 6260
146 14759
56 16481
55 15590
116 3452
68 14036
79 14096
189 8584
94 18034
182 673
79 17049
10 9354
157 8184
108 6990
36 3182
53 15273
60 3893
73 15339
154 9187
35 18530
106 10602
3 6741
23 14286
158 3245
196 5863
185 15163
19 13852
151 15614
133 19167
14 9179
46 1801
32 2088
131 12652
105 289
164 12214
143 6331
149 19678
137 6987
54 9636
181 14353
152 6157
143 16195
57 13165
195 11268
46 6990
57 15600
19 11648
10 8723
45 12488
111 15386
1 10610
12 7593
106 6868
60 18030
66 18159
165 19403
137 2321
52 10385
38 13831
70 1911
195 16885
41 17578
69 5994
157 852
13 14997
192 17869
72 16009
31 5659
98 13930
171 14904
73 2339
103 8678
96 9181
111 743
41 8301
25 13174
182 10144
170 8010
66 7640
142 16535
56 9240
153 1568
11 12493
104 19368
69 16733
71 12903
81 11914
20 12215
131 451
160 6766
177 16859
12 15462
183 10126
46 14145
98 559
125 8452
200 7130
193 12381
190 8768
