200
10 2825
5 3085
3 1584
1 2422
9 1329
8 1480
2 3476
1 2117
0 3514
10 3862
9 72
0 2882
3 3433
8 3555
5 1454
3 2247
2 3753
9 3582
2 1503
0 1757
4 993
7 539
9 31
8 764
0 1315
9 1554
9 1013
0 204
10 1435
1 92
6 837
6 1164
4 3799
5 3254
7 1573
4 1348
2 3864
9 604
7 1431
10 595
6 386
9 1630
0 409
0 2447
8 248
5 1809
9 229
8 817
4 585
1 3061
2 2823
9 2021
5 1823
10 1821
4 2804
1 224
2 1181
0 3849
6 3535
7 3498
1 1982
4 239
3 778
5 473
10 156
8 3783
7 3334
1 3110
6 2166
3 3234
1 3536
0 2778
7 3050
8 2679
10 2734
5 1254
2 2370
4 47
7 1856
4 1088
9 3910
7 3023
8 666
1 2334
8 3614
2 2051
7 2494
2 652
8 3823
8 3381
4 564
0 550
6 3938
4 3247
1 3546
0 2976
6 2238
6 476
4 3508
1 146
0 3286
1 3622
3 2577
3 2969
9 467
10 3193
4 2623
9 2937
8 2161
6 1185
3 3352
0 3693
9 2672
9 1127
3 90
1 3248
7 1688
7 3705
8 2598
1 3327
9 1840
0 2742
0 1846
9 1028
1 1983
1 3181
6 2821
1 2480
4 1419
7 859
3 184
10 3443
10 245
7 3791
10 1140
1 728
8 1591
3 3701
8 3130
10 2940
8 2721
4 139
10 3388
0 3936
8 2906
7 3127
8 203
3 1147
0 1013
3 1647
4 2248
3 2330
8 2516
3 2498
6 2389
4 3214
9 1056
1 2402
0 2848
1 3231
6 758
0 1158
8 104
7 234
2 1751
9 3923
7 428
3 983
0 221
3 1983
2 1203
1 2810
9 3853
6 786
3 1482
2 188
7 2738
4 1733
4 3597
8 2039
4 1069
2 691
7 3065
7 685
1 1801
5 3344
3 561
2 2053
3 1568
6 3640
4 305
0 3425
4 1211
6 3008
6 3566
3 74
9 537
1 512
10 1399
0 3738
