100
76 332
48 1091
160 1280
95 1737
165 1775
22 539
9 1343
156 324
172 1570
133 1311
100 712
160 615
158 363
176 778
120 1187
34 1330
24 1662
23 1057
116 1714
44 1654
178 763
130 743
118 897
133 703
144 426
119 1556
21 1286
31 1649
111 1015
168 1270
30 1975
76 1119
124 252
78 558
142 1614
6 336
82 720
131 1212
164 939
11 334
93 1734
72 622
188 1190
60 986
48 233
10 936
124 811
154 382
16 207
55 686
95 562
92 974
1 421
185 1894
167 715
78 1982
64 1225
63 1753
118 617
190 1785
120 518
118 1076
59 1364
54 643
128 244
2 1174
50 744
25 842
61 1685
52 1712
178 632
71 871
27 1947
130 1772
101 1904
37 916
184 369
103 917
35 648
119 1898
25 1400
91 1630
149 1468
116 720
7 207
174 1899
49 1230
59 961
195 1019
132 637
14 669
7 276
38 808
186 1688
62 1616
195 1127
93 1747
12 879
193 1392
71 1100
