200
10 1226
0 413
4 600
7 319
0 1743
7 3420
8 3948
2 3718
6 53
4 560
1 2027
1 3332
2 3235
8 3364
6 504
10 1335
7 1961
9 884
8 1488
5 3052
0 1326
6 2442
0 1801
5 2475
8 482
5 1029
10 2206
8 2266
5 163
8 1203
9 2220
6 3813
10 1153
3 1344
6 3333
5 3188
7 2770
10 446
8 2415
5 1057
5 3924
1 2866
10 1336
4 1072
7 475
6 1627
3 1651
1 3415
9 591
1 2643
7 2191
10 2316
5 3498
3 1554
3 357
1 2230
3 149
1 2496
2 623
6 1436
7 2767
1 737
8 945
8 3116
1 3647
7 2511
4 3310
1 2158
8 3500
7 2246
6 1586
9 1344
2 2908
3 645
1 1051
5 1024
4 443
8 3621
9 3154
2 1944
1 904
9 1066
5 336
9 2362
1 2769
10 2924
2 3693
3 1292
0 2685
4 3627
4 3492
10 3528
8 2028
6 2245
8 1050
0 1484
1 3914
2 773
4 1140
8 939
9 149
1 1642
6 815
6 786
10 430
6 375
7 2145
3 3841
2 2383
4 1145
9 3257
7 1592
9 2642
4 351
4 1059
8 1185
2 2159
0 2973
10 2490
10 3833
4 2417
8 2235
8 1746
1 246
4 2012
6 2165
7 786
6 2333
4 2505
5 2703
1 1547
6 2347
5 2248
6 67
7 2203
6 3481
1 1961
2 1695
9 391
1 2709
3 2888
1 1118
0 1744
6 3635
1 104
0 3550
5 2710
3 2622
8 220
2 585
10 1197
7 944
6 2455
8 2346
5 2713
6 1831
0 964
0 1533
5 3589
10 892
0 3111
4 732
8 3796
2 2652
2 674
9 2508
6 2854
9 2939
2 3906
6 3983
9 3884
2 3075
7 203
6 3812
2 1972
1 1506
7 3614
5 712
2 2248
4 2896
1 1639
1 2514
2 500
6 1784
3 1917
0 1372
7 3939
10 2774
10 267
4 1424
10 913
4 2050
6 2923
7 2970
10 3149
5 1411
10 2062
5 1195
0 87
10 1421
