100
88 741
194 1221
16 1938
113 589
167 1454
114 1929
6 1612
80 1747
93 926
48 803
145 276
7 687
6 1938
122 1238
163 755
25 438
56 744
78 314
76 730
13 1916
168 402
109 1364
95 1360
116 358
127 200
191 278
190 1413
36 1883
124 1955
161 1519
139 1718
25 557
26 1117
156 1887
164 439
117 1101
134 1159
64 247
157 884
163 1894
77 1897
148 1760
177 1827
106 367
103 455
122 1895
115 495
153 1986
39 1234
76 1795
77 1943
140 1287
6 1893
14 208
68 329
169 1851
135 961
52 1084
52 899
52 1911
122 1102
9 543
74 638
3 1850
113 927
197 1719
131 206
16 1834
12 1134
182 1160
53 994
89 541
132 1921
68 1870
198 1137
1 557
63 441
29 820
1 1440
33 805
128 886
175 853
145 478
108 1374
119 435
121 1437
87 261
10 1236
11 1279
16 559
153 1772
2 1251
151 1499
197 637
129 1273
130 971
77 1965
2 681
129 713
44 1947
