100
149 967
169 1411
45 407
29 354
113 1691
5 1453
117 892
36 254
199 836
64 1123
7 1556
87 1985
138 1648
3 1512
23 1236
123 1629
105 1894
14 1567
112 1054
53 1004
105 1713
161 700
139 892
7 1775
100 245
150 777
3 955
85 349
70 246
129 627
33 210
38 1932
1 1964
200 1673
101 925
43 1029
89 1292
8 990
13 873
82 537
170 270
161 1842
87 1346
36 853
89 1858
13 616
70 1594
152 1029
83 1741
54 468
41 1232
40 1686
22 1064
68 534
40 1229
191 529
90 1378
192 1726
185 1696
119 995
30 854
34 835
117 1919
87 464
22 965
43 943
82 1598
112 1680
45 1833
65 721
137 540
8 794
161 1131
48 1301
6 1976
184 1491
82 417
38 1506
125 1518
92 1414
195 1649
123 282
68 1793
13 1390
48 1297
138 1587
32 671
113 1066
130 1983
176 1762
166 462
147 248
92 1714
12 1607
122 473
76 440
29 461
185 532
26 1003
3 1576
