1000
164 17096
89 12678
14 9041
60 9040
3 9884
93 1543
184 7064
41 12246
48 7565
0 2544
1 1899
117 4067
85 19150
131 12620
84 2103
55 10860
56 5138
40 3543
17 8749
157 8895
37 1000
76 496
100 13092
195 13184
118 19789
71 5438
74 17530
57 1294
126 1657
22 4993
134 13288
12 9331
47 10463
93 3412
1 9883
160 5847
121 10718
87 15049
15 1697
105 18798
72 6462
24 2520
12 13000
148 10890
169 3812
34 13554
78 17139
84 3335
67 16731
13 1813
196 18829
178 5660
80 11142
27 15832
1 8999
162 12004
103 15065
34 2305
156 13728
90 2676
59 19134
184 6044
174 17575
5 1176
33 15180
143 5714
40 8607
181 13965
22 5334
200 17198
7 2746
142 2846
106 9929
102 16949
168 16918
71 9658
167 13043
83 4740
21 810
110 2741
16 17524
126 9400
125 18308
185 15555
140 17981
66 12143
196 4888
14 1741
37 18263
119 1076
182 7943
91 5027
37 11396
105 18084
102 2619
135 10976
32 18470
41 3742
49 13987
32 12188
26 17344
93 4261
103 8181
115 13430
158 14907
157 18786
12 12795
95 17402
183 7349
148 818
140 13275
14 19911
131 14426
150 4855
17 18757
173 15662
179 3066
161 11225
166 15967
120 17180
158 9024
143 15259
135 15112
83 3480
107 668
96 11187
89 19567
172 6044
190 8728
40 8482
67 19491
112 7419
139 16776
199 11840
81 1091
95 13193
199 1750
10 7889
113 16763
106 19265
193 16642
55 12192
90 16021
136 5975
61 2363
174 15017
180 14929
74 938
110 6605
179 4126
84 2177
78 15077
71 5228
104 5802
133 3961
102 13120
173 10914
126 17648
168 10886
73 3906
54 8077
7 5051
67 19557
18 787
186 9511
134 7846
101 8281
137 6441
183 17459
172 16198
60 853
0 17992
59 6211
48 7902
156 3471
30 14155
99 4589
96 2594
179 12629
69 11396
145 19095
30 7429
5 612
156 8091
132 3030
162 16597
72 5642
109 13374
151 14843
182 7756
167 15376
178 11487
21 19735
17 18151
97 4121
27 7794
67 19916
113 14316
109 3022
148 7162
91 15827
148 13649
77 1017
178 18242
44 898
24 11077
178 6396
88 2793
72 19688
168 13462
94 1843
9 11563
24 1335
78 3002
178 9964
95 4092
28 15091
75 8721
44 537
35 7049
61 436
45 8634
87 4994
175 10677
87 2421
103 5816
69 11824
91 359
38 11699
15 7205
27 7389
200 18793
94 13821
157 1011
94 5507
152 3092
24 2269
161 11889
94 2338
46 13618
43 7578
41 18486
170 5171
25 11842
78 16589
136 10253
45 11966
150 15441
136 14046
159 17974
47 6846
111 941
10 19206
27 11666
20 6871
65 7293
11 11059
148 19307
159 5080
79 1748
154 5867
122 14336
44 15912
172 6391
163 17526
122 18684
18 3668
97 13364
96 12506
153 7856
117 1574
50 18317
83 728
25 13116
109 7504
163 3222
63 1500
135 1294
144 14172
70 7257
197 920
37 10577
63 8653
52 4505
47 8618
57 1974
30 2182
133 278
0 7162
42 11903
146 9978
75 9103
147 1787
151 15243
57 11876
117 5926
128 16388
40 8397
113 6025
163 16593
52 3255
82 11805
48 800
70 7851
59 15403
71 14738
122 1828
116 7396
181 1295
17 13055
109 15678
127 19091
2 13196
2 5153
78 16164
45 6089
120 19646
122 11100
80 13798
66 5214
188 1184
145 6861
142 6583
124 3902
180 12604
174 16080
90 11412
96 18767
138 6700
148 7389
32 11377
129 9449
176 16720
172 19729
178 19102
134 15234
32 14219
20 6970
178 14990
11 17082
189 16063
172 18094
184 14139
19 5971
144 1265
144 5386
19 3942
76 1872
131 16607
52 18370
89 18070
180 4200
155 10193
28 19796
167 17549
172 17858
94 9943
145 14576
98 6877
69 9388
183 5465
150 6647
27 18800
173 2312
87 5118
103 14222
44 17155
13 269
158 11861
95 12111
84 11657
127 13211
67 18036
157 7608
122 15156
83 6343
38 6109
99 19434
73 11004
168 10492
30 949
174 15280
1 18767
76 7084
82 4763
175 19587
82 9313
184 13595
37 6737
34 16413
29 7875
131 14987
43 15168
89 10884
72 16274
56 2845
172 11481
58 6890
160 6113
88 5483
109 14008
131 13654
21 11743
28 14622
159 7831
56 1303
57 966
4 9311
50 17900
27 12506
143 213
11 15147
135 620
67 11359
149 4573
161 3822
13 302
81 8835
7 7799
56 16146
191 15429
115 4744
72 12776
148 3968
101 8888
22 18631
181 13600
41 17411
170 9263
113 16867
61 8614
179 14540
96 19919
155 18961
66 18114
131 2421
75 2468
162 19611
64 2768
14 18900
131 13414
195 19918
94 14788
174 8051
98 19063
134 6999
94 13704
174 2421
24 19346
28 9035
200 14199
96 17282
190 9732
78 11811
188 17186
68 7194
174 5245
169 15875
178 16001
68 7438
39 11914
198 2019
67 15419
108 19459
126 19166
64 8657
90 4226
135 1221
200 12101
110 18963
100 6247
4 18021
3 722
20 6297
198 1923
171 14289
69 7056
2 18352
26 6061
148 18283
112 14420
122 5199
112 9339
61 14777
171 4339
56 16927
42 5611
135 3798
172 8720
182 17444
86 2477
33 12885
133 4032
19 9087
157 8981
200 12933
9 8404
95 5321
71 9213
34 14400
33 7931
113 12573
200 15229
12 13564
197 11259
67 16221
197 5201
61 19321
174 11688
13 4253
58 13046
57 15849
140 6776
38 6156
109 6304
102 4814
129 19050
36 5396
176 8303
148 18415
95 12261
199 3875
168 15889
153 3798
53 11869
18 6332
91 13411
164 12401
191 15929
82 14220
147 8033
14 4920
56 17342
63 10014
180 9504
80 7891
151 6948
156 18555
42 14726
60 4221
191 10333
36 17958
22 4137
103 11163
116 10836
195 16739
176 10301
7 17417
79 8237
116 4747
75 5631
140 17713
164 10686
122 12469
148 11193
110 11984
98 4373
146 13192
102 8734
22 16611
64 18166
97 11850
160 5331
128 9616
64 3840
70 5539
87 10707
65 17205
200 18449
156 3509
124 14318
140 5981
179 17971
87 10298
181 7073
10 4027
94 3732
100 1060
91 9348
128 12405
195 10730
111 12856
59 4878
174 18895
195 12692
168 5884
183 14121
13 4810
12 16025
57 16709
16 2991
11 7515
176 14256
33 12478
133 8152
110 15809
6 18659
124 2398
168 12156
55 3123
165 1208
49 14780
2 17638
15 12582
166 5283
133 14298
88 9658
60 15462
67 6557
143 1402
25 2885
42 15663
19 3990
143 14081
194 1977
97 13474
181 17207
98 19086
144 7739
197 863
132 11561
197 3127
10 4853
193 12587
113 1664
31 17102
29 13491
198 12087
25 17131
24 5211
189 5393
132 9714
177 11519
26 7136
171 3995
94 10938
57 2267
81 19992
92 13555
134 8851
98 3477
167 2898
8 8821
0 4637
56 12152
114 6809
90 11078
118 5414
187 1014
9 4772
121 2992
162 5744
49 12661
24 4498
99 977
142 13803
146 18782
193 8187
23 1272
127 7939
8 19676
116 17588
84 11779
87 15652
0 16951
112 10809
148 2826
9 16086
18 15360
119 469
100 4524
197 19318
197 13065
151 14778
16 4861
183 14852
61 3392
34 4152
137 10001
166 676
127 16717
152 13622
74 16722
128 17868
167 17298
71 7204
190 4778
183 12895
74 869
135 17863
22 13444
142 9515
113 1399
74 7615
24 17636
150 17450
185 4484
64 14605
85 8035
77 16221
177 18098
120 5455
159 2054
44 15924
92 650
149 12786
98 17433
41 14546
66 5866
89 10425
173 8107
33 10588
14 6865
144 14445
111 4913
98 12526
125 13533
94 8963
9 7486
3 18625
29 6274
50 2153
121 828
54 13359
128 832
121 15940
60 18611
93 13340
31 6988
124 3243
114 3660
106 16240
57 19955
42 3006
185 13758
178 19296
8 10752
33 9351
120 13594
156 8630
15 18074
193 14240
95 18308
103 8939
13 16427
31 9084
53 4688
53 6102
108 4427
190 3958
51 3999
53 9368
71 4153
185 4809
25 2263
45 325
143 19280
33 16167
112 8803
68 16900
174 19526
26 2925
43 7080
172 9028
178 15030
173 15716
178 4087
126 3203
178 15035
190 2868
11 10822
126 670
108 4809
188 12183
111 16224
83 12731
197 5413
193 2342
3 2946
88 15618
167 15202
176 19299
155 8410
46 16195
181 15180
71 8515
50 5796
110 12311
121 19294
11 3565
57 4475
173 9144
121 4516
37 2485
182 11278
11 8704
113 5031
168 16802
141 18302
185 14437
108 12761
77 6605
80 18390
50 9683
48 4558
110 4291
156 4475
61 18210
97 2378
110 12266
200 3031
26 14203
121 12999
52 19390
135 19970
164 2822
92 11314
161 8404
162 14653
60 5280
179 18175
64 8375
166 8679
179 9099
167 17051
134 17640
173 11086
189 2882
56 12777
128 5897
84 19765
64 12743
168 12012
33 16004
134 14764
160 19479
22 16976
126 8810
59 17855
69 19099
61 5454
192 14210
199 9849
102 1565
142 7812
140 385
93 7408
0 10722
40 16139
161 12717
162 13045
153 11850
121 2177
144 14878
88 17944
124 1671
88 2266
193 1311
59 8417
78 1559
99 16818
27 17470
86 9476
167 3946
160 12251
66 17695
164 18945
113 4292
18 3650
48 10846
5 5951
169 14345
39 12380
18 11016
171 17913
200 14460
198 11337
105 13525
112 7831
28 17454
28 7600
110 16799
115 2187
170 16872
91 8370
4 13191
174 19460
178 8637
193 15438
76 6032
50 5970
3 17105
84 5048
14 15989
116 7752
84 13322
20 9211
146 18338
182 13422
121 8263
43 16757
127 11176
50 14211
120 17721
95 19682
196 17253
184 2297
175 12842
34 3945
174 9770
29 7440
182 1461
61 1247
173 7610
31 7205
91 14915
3 920
58 14441
35 19373
50 16649
126 11948
144 279
190 16541
137 17362
90 19251
66 14479
189 19083
59 6743
187 2798
15 13063
189 14691
190 3842
150 18991
103 535
194 2420
137 16178
139 12072
72 11007
91 2503
36 15965
161 8522
97 11277
113 2137
179 1158
147 12723
42 13791
197 8251
127 16049
183 3184
42 19660
155 19582
53 6393
184 12291
55 14591
133 19373
170 4343
153 2385
87 12501
2 10470
67 13407
166 15396
134 6206
179 7529
107 10631
5 18656
157 1029
129 5742
126 8868
119 17621
21 15858
107 1360
155 15441
12 12066
131 9054
195 19569
3 607
42 6055
15 13825
116 3131
147 7113
10 4538
138 1547
57 5417
86 15604
185 6343
13 2668
91 12325
75 11523
77 15366
66 16229
181 4810
158 13332
86 16589
27 7078
3 16252
65 2852
169 1466
113 4588
143 657
71 17060
