1000
47 6645
75 14231
157 17218
4 2104
10 13357
111 16559
61 7507
161 7434
197 6302
6 246
34 14436
21 15274
82 16006
132 15949
18 9554
165 12958
112 18664
29 19658
63 8164
187 7873
82 5980
45 13353
165 8845
93 4742
41 4664
62 2253
26 4474
183 7178
153 18680
167 16682
159 14053
119 281
89 1605
150 10775
135 8934
187 13292
191 15990
5 12627
58 8463
190 14632
11 9032
124 6336
43 12054
109 1570
114 6557
103 4638
18 799
133 18318
83 12437
64 3761
25 9565
2 3203
152 18087
136 13567
10 14271
166 9911
120 9373
170 11734
176 14603
34 13697
123 14810
181 18553
58 15958
61 12839
151 1708
190 14037
73 18271
58 3836
123 13112
20 15125
19 1301
28 5663
110 11080
68 776
190 5740
32 2305
189 15580
105 340
16 365
13 17190
57 9676
199 16476
14 4352
123 18492
80 9320
129 9036
122 11344
155 14495
28 8588
163 9573
182 8906
98 1985
128 9536
128 15368
43 8596
73 11045
192 7828
52 8535
179 6044
136 13739
53 10264
171 1344
130 16293
152 13928
117 18048
1 3508
158 12365
33 19925
91 1203
193 19472
106 1843
42 9519
155 4364
16 5326
4 9085
104 4598
104 13187
126 7820
123 2821
148 14372
62 9704
76 19584
196 10072
22 2438
14 9879
41 14622
88 2252
165 19154
46 1823
37 1546
72 9834
16 2652
84 12183
42 6077
43 11531
199 19570
64 14217
133 4001
14 15210
193 9912
52 9604
194 17760
147 7601
94 18185
56 12672
152 757
140 3687
181 18090
93 4205
39 18061
76 11779
136 8527
89 2859
55 19799
144 12563
89 1032
118 14639
64 16562
170 18738
22 19626
87 10099
85 5949
23 1112
95 2504
112 674
28 17422
55 7355
129 4397
87 11853
5 19808
150 8728
131 17893
14 5072
167 7870
83 7774
106 15166
15 17288
79 10524
160 9712
162 961
128 1509
134 4481
116 8353
46 7214
178 4391
165 9237
140 8575
91 11765
113 19903
150 4418
40 19172
93 19257
138 7758
170 13830
108 15263
58 8704
120 8365
59 3608
72 5446
74 16456
116 15648
175 16624
35 18918
126 15238
56 19354
200 1807
117 8690
183 9277
180 12027
84 18616
5 18476
27 18901
25 19979
64 961
115 547
196 4018
199 12808
128 6968
150 3104
140 19049
169 16570
199 9733
159 19952
144 14136
14 12736
55 19316
97 7125
119 5366
116 14255
103 3280
38 6574
2 19793
86 569
69 12212
8 10893
127 4201
88 17454
122 16658
88 17510
46 5979
32 477
22 7323
104 369
115 17575
89 5751
158 448
159 679
86 18850
101 7761
164 19150
125 12455
23 12484
125 13914
66 14371
107 938
179 8075
181 1420
183 10431
55 9783
129 11287
155 1241
198 19582
106 19620
87 7443
175 14821
63 11374
35 16147
199 10410
183 2789
28 13882
67 12662
60 18294
89 13062
71 10278
184 13321
194 2259
52 9975
22 10874
120 4062
78 19605
198 9302
99 10701
80 9351
0 18937
9 18213
142 5495
51 6906
79 8403
171 8736
184 12406
90 17204
100 2777
193 2518
149 2169
6 6383
161 10399
90 3201
115 8213
28 4616
130 4180
61 6977
122 18300
152 19225
174 19404
61 9536
28 7069
74 2505
64 19098
102 5273
16 15804
190 10331
172 9529
7 16834
95 9440
198 1962
112 16602
49 2002
135 12160
16 7442
172 2897
159 6334
63 16858
116 15086
183 16794
76 1122
16 2691
154 9533
77 5424
44 11548
91 6334
158 14776
83 2080
26 11858
93 12158
82 10118
94 17910
64 12327
194 7612
189 19001
144 13523
133 8759
160 10318
36 17429
44 5232
159 545
74 17824
7 4557
163 677
145 1886
80 5694
54 11875
119 11318
76 17540
44 12990
13 15710
32 14307
123 19395
196 2353
66 5629
30 8288
146 18480
174 14925
128 1636
190 3245
28 1072
29 13021
145 1046
3 10763
171 8166
25 19541
4 19780
172 11887
98 319
19 8467
0 6060
139 6976
177 18196
122 18728
104 13251
91 691
74 16406
3 1701
26 13377
184 756
101 1025
119 17474
74 15195
12 379
103 18759
95 7206
99 2951
126 19513
41 926
38 6487
13 9991
186 5112
54 7245
53 7588
13 2024
48 8709
69 17174
76 17517
186 19190
186 14686
189 10113
184 318
43 16121
48 4890
21 10913
193 15917
25 10407
105 5281
98 2650
29 2229
83 8923
198 2628
41 10224
49 10384
180 15598
155 12050
22 17092
22 12256
88 3544
156 4098
49 13543
163 15067
105 17101
129 2350
34 6701
82 1473
162 9656
6 5589
102 7055
51 13179
75 14257
66 1056
4 11538
63 550
57 6795
41 13732
54 15528
96 14049
51 9693
96 15724
100 5049
69 2563
19 12054
161 3509
92 3936
102 19191
128 11023
54 6633
21 12768
197 12948
74 1022
17 14593
0 19743
12 10447
190 15079
94 11181
53 7202
87 3067
114 15066
163 12555
69 6842
42 15357
30 3577
109 3088
128 4595
64 4017
122 8911
93 14765
65 9372
155 2731
53 3017
138 8070
130 16111
28 17121
98 13541
88 6687
158 17641
7 4553
81 15614
81 15064
30 19206
178 4900
51 17516
197 11766
170 5354
132 12626
120 6555
163 3978
70 16955
109 9251
149 8458
184 5902
96 12666
140 5567
21 17530
97 19389
7 642
9 18411
180 19173
147 4720
47 10798
40 11190
54 18299
62 18114
34 544
47 5775
31 8017
178 4725
47 16813
151 8204
195 808
192 11597
43 3603
32 15350
27 4427
164 2029
160 3138
200 9590
138 11935
174 19314
160 15284
170 5431
62 15118
170 9239
192 9754
197 2221
149 5729
178 2813
159 7099
127 4441
159 652
114 11343
123 3452
141 3273
161 14438
48 15892
68 15563
3 12657
123 16720
12 13257
148 5996
53 1604
22 15167
51 13005
148 16336
38 4172
0 17032
57 13160
172 12751
32 12716
139 17970
63 19411
149 11407
171 16255
20 8084
156 7200
30 5076
87 15866
26 3640
119 12271
16 6906
190 18462
68 8718
0 3266
44 6012
200 14962
29 2453
110 5405
39 12444
110 8018
70 17299
128 5783
67 16128
23 9551
159 10636
105 19539
176 15206
192 2506
93 15489
199 14392
194 603
138 4143
120 3260
83 1326
111 9287
182 9199
194 8801
200 18078
137 8902
46 6915
94 1772
200 19159
174 7657
76 7543
51 15417
8 1966
39 17299
82 5567
162 16985
45 18455
47 9692
45 13904
67 16376
156 2499
105 2255
197 16878
45 8537
84 9603
15 13692
143 4787
30 5988
146 11681
80 14233
26 4595
69 13122
66 9686
56 5426
191 14730
123 12398
107 18128
164 8084
112 18236
179 9150
63 18517
53 16983
25 19490
33 11760
34 19158
9 5592
114 8045
195 18164
129 10742
182 19896
33 200
66 14856
61 6076
56 8511
46 6751
37 397
95 946
200 12107
66 1703
121 12068
187 3199
113 608
128 15508
152 4309
132 9767
155 19226
87 19444
160 14051
177 13967
115 17845
164 11253
5 12636
85 17486
41 4261
35 14082
198 1089
45 5347
10 9420
199 18021
107 1228
156 6786
29 2149
104 15345
132 10945
2 15533
69 6794
37 2127
16 2211
116 13128
156 11799
86 6481
92 1099
7 19585
192 9756
13 4931
6 6554
141 17715
33 11281
168 5641
74 6317
5 17047
154 16450
67 13599
184 7184
115 16684
36 7843
98 5737
172 6848
139 19232
18 16869
43 5586
182 10562
65 4320
198 13384
136 15908
186 6459
97 12186
70 10046
67 12797
173 11766
9 3127
0 1075
110 15737
114 2269
191 18846
102 8449
71 13837
98 15022
142 3752
117 11279
16 8363
165 1809
137 422
108 9598
69 1315
138 14579
170 15947
1 455
53 867
59 11981
156 1120
190 18087
141 15947
62 10143
198 11491
146 3392
165 4916
2 14205
13 15956
160 9450
80 2981
42 9997
28 4103
199 5608
47 8450
117 19009
172 16547
141 4934
21 965
171 10978
125 14315
130 11576
37 17286
146 14367
61 15671
132 11165
140 3583
107 9631
80 3613
72 19119
4 15182
94 2574
41 12640
58 11995
123 4917
189 12268
173 17493
13 5926
40 2279
84 2114
33 3795
40 9244
197 5004
141 17427
145 13534
95 4268
197 1395
196 10306
110 4766
139 1416
72 16387
110 19663
183 6694
86 10825
83 4459
141 1496
76 2928
111 14464
77 17922
183 10771
149 8531
68 799
64 9121
7 3854
86 17582
112 19113
112 4990
185 19670
185 10540
62 1015
101 17153
47 9723
4 7599
199 1458
38 5246
16 17663
34 1281
138 9207
23 18369
117 13724
83 16853
178 4043
94 17438
187 14329
17 7569
52 18679
8 11261
134 16253
54 5611
12 13660
21 8082
96 15236
41 11333
149 11884
39 13579
75 17654
169 11643
33 1402
25 17875
21 16289
186 9759
56 1768
79 6073
132 16036
128 8943
157 19929
33 4324
138 19785
136 6017
177 15555
74 11933
199 15565
104 17703
23 12945
106 15809
7 15605
8 4973
86 4424
12 5877
159 2397
54 16063
23 7033
106 15866
148 14627
38 7935
104 12062
62 1483
190 5969
148 14306
78 8334
76 12132
8 19364
32 8642
70 17999
137 11926
184 13302
129 11569
31 18881
124 13935
130 8959
178 12369
106 18483
110 17814
192 12045
197 3789
100 17613
35 7166
20 5821
137 16258
12 10849
159 17314
184 1382
151 14845
0 16895
173 8497
107 14690
174 13382
113 9707
140 775
56 15151
114 15724
53 4930
1 12851
144 17028
44 10213
93 18912
45 9493
26 9526
156 11219
104 4467
11 17779
96 16885
4 4169
62 6070
19 6517
99 993
62 4327
102 6143
146 6198
149 9851
21 18797
56 8446
62 13739
37 8722
178 10979
136 10038
199 12974
18 16769
182 4177
75 9000
68 19116
21 11416
122 7637
62 365
58 3295
199 12487
60 13437
188 5469
177 11237
122 9028
42 15861
40 16820
178 6856
26 2451
112 10248
156 4250
13 10977
131 13019
67 1189
50 3148
158 18139
14 15361
3 3184
47 18249
159 6453
160 19372
0 15005
10 17497
64 19076
16 8246
18 1221
67 399
126 2004
99 5492
5 9261
164 16741
110 6327
159 17457
163 915
44 11098
20 15488
39 12805
115 12162
37 2396
49 18548
126 19532
131 2960
50 14377
93 17095
82 17112
172 11209
142 6813
41 5133
149 1260
161 5196
167 16930
34 12200
2 10632
184 4171
80 15316
138 17697
57 3599
26 3904
15 15491
145 13450
7 19362
92 10182
2 11560
181 10916
71 11702
91 633
53 17323
170 423
146 1380
29 13928
94 10266
199 5188
119 7603
120 17621
4 13547
27 5520
35 1767
142 9121
