1000
168 4692
133 13378
160 2802
162 5065
105 2956
191 17929
85 17758
142 2539
76 7922
82 14462
22 2302
140 18906
157 19239
31 5026
156 9848
69 1487
116 19556
19 4198
60 7278
15 6007
162 2834
140 10195
120 12563
84 8538
131 17266
7 6634
75 16695
34 7437
67 15017
30 4482
63 19532
14 3233
13 10609
80 16028
9 4821
45 11057
137 18140
170 3806
64 19545
48 17671
20 5473
145 18643
100 8344
136 8342
198 17439
32 7228
176 9522
157 9630
89 18883
119 8309
26 8662
105 14976
144 18889
68 12379
62 16635
125 5018
150 18072
173 6915
1 2474
107 5695
55 15235
51 18247
84 15506
168 8053
104 10110
78 6821
189 7835
33 15705
99 18686
117 15272
58 14551
128 363
180 5228
132 11230
89 4753
66 1196
86 4017
63 9178
192 13568
71 6027
83 6185
150 2421
59 5409
182 17227
96 8260
194 14750
84 4559
87 2936
39 6185
158 18430
144 16664
101 17849
25 5550
115 9360
103 4065
172 16020
182 13835
6 5384
7 1128
82 14335
65 16037
133 12987
23 18328
149 2290
19 7311
14 4689
129 14297
157 9316
9 14729
9 9591
0 17677
15 586
121 9063
193 16210
187 17702
17 10374
126 11436
134 12152
198 17554
155 5745
62 4612
72 16693
195 3091
123 6517
175 10580
22 14207
24 8265
94 11811
105 15490
91 3371
198 9743
64 14177
38 1541
98 12780
58 10619
156 5449
59 7004
13 13957
143 9135
101 14340
17 11037
193 10333
56 13744
198 18306
46 1359
179 1436
85 10719
62 13625
126 4564
93 3355
133 5195
113 12049
43 1606
47 10475
4 14049
82 15433
112 12184
178 16606
197 15379
142 5826
113 1329
181 2077
65 17591
170 4181
179 8740
18 2473
83 4163
145 13790
183 13186
84 10163
21 19048
60 2906
97 8637
177 7207
50 16215
10 985
122 8175
34 18570
104 11853
146 18883
91 15738
101 1299
42 434
28 10749
96 12773
167 12893
2 9569
183 10027
63 1479
77 8277
52 8751
167 6410
148 14852
79 8083
166 17451
40 16396
61 6416
128 4745
96 17775
9 592
96 6505
156 13211
151 13656
125 18234
21 2423
92 12094
123 13435
76 16835
124 9741
70 16747
177 9267
191 2795
122 10497
151 16811
20 13130
166 10883
200 8357
150 13701
40 3582
125 13217
183 13153
61 14899
123 18893
115 10794
122 17892
176 7429
190 15103
69 7668
194 7003
63 5905
180 10450
33 4531
124 19021
193 8743
176 15781
157 10138
185 18365
157 6250
101 12033
159 12121
109 7263
125 14396
6 18826
7 8328
63 9927
49 19326
169 19529
134 12936
68 10781
135 7993
151 16486
73 6913
122 6700
92 2519
198 16881
21 617
27 15051
189 6677
161 17512
9 3533
22 11457
147 18985
14 8973
142 8124
42 15228
169 18837
175 17984
12 17772
183 4259
185 8068
58 9833
189 17233
167 16818
74 664
138 15246
124 1884
137 18870
167 2430
47 9609
159 8766
111 2037
60 15992
172 7059
191 9883
28 13889
101 16179
167 819
199 9516
25 4046
195 19779
184 9750
180 9230
108 12626
161 12953
1 512
144 2692
151 2405
170 3190
64 7179
77 10948
4 1123
200 19290
53 17513
25 2313
143 918
174 10989
93 16996
116 19813
17 2967
92 622
147 17953
78 1602
13 9216
15 7500
140 4034
8 15581
52 1410
186 1630
23 14014
198 10158
58 7607
160 8745
99 14502
150 14406
75 3408
9 16265
115 11473
160 18666
92 3474
6 13917
126 14344
180 15262
106 8710
42 5507
85 19875
101 17107
54 6041
84 6948
11 14086
191 13312
64 17455
41 6905
161 9736
40 2921
50 10429
40 8588
13 9122
166 7025
102 12485
53 18129
122 18993
57 2139
90 5200
91 14063
186 14710
103 16325
144 9778
79 18486
135 14665
180 6925
67 12867
190 11373
84 12187
78 13762
16 3816
122 17698
60 10253
110 19056
67 19196
158 10775
154 19656
64 9419
71 6874
169 14874
111 13442
76 227
58 5747
62 13002
62 12841
148 16674
170 12678
131 18472
170 12467
37 7083
140 6447
188 19648
186 3167
112 2586
33 6748
59 17500
64 6071
177 16311
185 14978
70 8134
20 2909
100 10473
136 15100
173 14353
85 9350
171 9572
98 680
144 12662
126 6535
185 13088
200 16812
30 6681
113 13982
86 18926
94 3696
154 16444
166 7372
133 15393
137 15703
15 14147
2 13232
152 1329
82 2654
52 1908
161 19316
186 5929
107 8605
1 18531
46 11076
99 12512
66 9755
141 13314
142 5183
64 17222
51 12323
63 519
57 3370
1 15747
134 17853
171 762
136 14267
196 1951
27 3036
100 7498
90 17022
100 2799
121 6762
154 17492
200 10544
74 1530
193 14301
76 19041
113 14263
176 1142
124 14546
123 4238
137 2604
28 5782
194 13879
138 3233
176 11026
101 6244
176 16947
145 19703
198 16508
168 13660
112 10322
187 17330
137 14146
96 17196
41 17565
188 4781
195 19235
45 9053
11 9653
125 11785
4 6043
6 10114
198 14688
122 18260
31 5994
95 19403
4 16193
199 15123
15 9520
62 18738
195 12760
139 11491
152 18565
39 2670
160 8149
100 18229
109 17008
128 2303
51 2836
67 8442
152 2624
34 9104
67 3799
152 4284
110 9357
148 8505
86 3644
8 11987
25 19925
87 5443
91 11903
191 11246
177 19098
199 9097
167 15433
19 9197
142 14779
124 11361
137 10529
128 4411
105 11923
130 8635
40 6474
109 2115
150 15740
74 19749
48 12648
19 13138
111 1188
71 11769
178 13384
12 5164
116 1436
41 12614
191 12846
53 3572
112 4862
142 5785
128 15811
62 15666
127 15416
177 10301
35 2599
101 6798
88 2657
43 4696
16 8860
20 1874
160 1692
174 8274
169 17332
47 19630
66 12808
83 4225
98 6307
59 1674
29 13443
23 10195
120 16610
51 16835
71 10032
98 2327
200 6861
3 4289
162 4809
31 1055
142 4853
59 1216
26 19877
57 16390
117 11911
171 468
135 12582
139 14487
80 10125
137 6149
172 18686
127 4654
40 7776
147 14587
55 10482
169 4806
126 18545
36 5172
168 18683
147 13029
8 11835
151 3254
32 9739
147 7547
34 18288
89 307
121 5549
138 17453
181 5779
82 12895
68 17129
101 14103
181 980
28 10237
179 12130
90 18243
183 15861
156 16104
128 8497
149 6982
59 9334
141 13547
14 16926
176 15258
52 7825
65 2907
57 13555
120 16269
117 10426
133 9355
114 16286
22 19743
6 5725
101 18429
73 17049
11 19118
8 17616
103 19281
132 12137
54 12128
162 1648
56 17931
116 17996
60 8754
31 4685
55 1878
137 13112
80 11762
12 16165
67 5532
91 10872
148 532
166 9740
175 18547
170 2109
142 6150
119 10652
119 5601
26 17745
128 2540
5 3801
168 13557
16 8168
89 6426
50 19392
30 6096
83 13080
8 17354
117 2627
126 3646
58 10502
111 18734
62 6654
194 8211
94 12197
132 19362
36 11234
71 15909
7 7796
166 10738
28 4377
198 1372
65 14210
6 3470
15 12331
147 19614
43 8513
128 3472
176 5720
91 7337
22 17223
83 6703
188 18815
106 12433
144 8906
28 1051
96 2981
169 18279
25 19196
125 12994
141 15211
76 11229
112 14453
42 19569
56 3393
156 6122
2 13333
186 13331
45 17397
109 11760
0 4385
13 10710
152 7825
127 1056
68 2072
195 2572
70 9192
74 14682
53 10971
4 16418
187 16193
143 3033
110 2343
28 13717
23 884
66 17907
155 16530
162 8788
123 8031
125 5174
1 17806
56 19839
66 9125
4 14047
97 1994
128 16712
120 7639
89 8171
155 4635
56 9246
164 15634
12 13331
132 4252
122 482
177 3402
94 12657
73 6097
106 13267
138 19578
23 18907
88 11520
0 14124
34 19962
149 19720
76 18888
32 8846
60 2565
59 2880
158 7415
160 2648
47 13384
185 5029
101 10396
89 16370
94 10027
45 11869
88 5053
178 11469
28 1298
8 1662
165 1882
61 2898
119 17873
158 7985
184 18132
151 13563
46 17890
173 1735
135 8046
107 10902
137 16356
194 9854
136 1126
81 17761
65 18957
16 201
130 9692
92 16608
89 17526
12 11778
194 2133
135 7191
81 17788
138 412
99 14004
184 19312
160 19835
150 8947
26 6462
126 13883
49 17984
39 7763
9 16332
129 1399
142 18489
72 11003
78 15919
171 17229
122 7241
63 17553
148 18646
67 12136
106 3614
62 17898
108 4638
56 17148
161 2079
89 15623
143 9882
122 6238
159 16310
130 5845
167 13672
138 4562
18 7263
34 9548
150 3510
65 9141
86 5985
121 19627
78 697
69 5205
95 16953
187 17034
52 11378
47 15992
15 4777
44 3981
137 5348
15 4464
50 5386
45 1434
138 11447
53 11709
172 18792
69 573
115 7490
123 10884
184 11254
96 19672
197 9145
120 5031
10 2406
106 9051
169 3193
76 12345
24 3259
67 2389
144 13259
52 1043
125 17371
154 16274
70 2385
187 12802
166 14456
124 7277
70 13720
175 14665
87 16886
36 5631
182 6730
145 11209
163 5439
143 14337
198 1124
147 13726
30 18821
163 6000
125 13312
200 1234
105 11764
122 5358
32 18681
170 2979
132 5417
160 9009
193 6768
48 4665
72 17343
58 7666
181 11029
174 15664
72 19612
66 1441
5 12023
199 8704
12 4107
52 8040
57 5675
134 3056
175 14663
195 14313
47 19790
77 13337
77 14869
81 19138
54 18328
56 13037
42 16937
35 13813
152 1798
169 6463
66 18037
100 11766
27 16623
24 13632
73 11404
81 16883
84 9915
23 14391
172 19375
177 5471
11 16181
82 8932
178 4936
137 14368
110 8653
166 18416
1 8796
200 8698
98 2277
91 16677
122 14733
125 18804
26 9141
81 15524
196 4491
145 628
105 11988
45 16487
13 569
109 4508
163 14107
104 19559
136 14607
48 14701
142 3153
49 15615
26 5469
152 5818
154 17268
23 10436
96 8718
117 10834
147 8189
29 9947
1 1199
99 19396
70 4729
37 17662
162 1694
184 494
68 15595
140 13761
74 7270
151 698
143 6199
11 13480
20 10722
166 9125
120 18141
181 8428
194 3709
59 15489
127 1826
110 17175
25 18787
98 7966
21 12615
50 1685
95 10220
181 10698
161 13524
57 12261
183 15860
37 10666
9 10448
26 11459
53 14084
121 16250
17 14255
108 17104
74 15779
121 13514
32 6004
82 6227
48 8315
145 7274
24 11000
132 9231
33 1285
118 16539
86 15816
75 1560
64 8776
24 16432
25 12444
166 13179
20 10956
171 6138
74 19027
94 14425
49 9475
41 790
80 7494
12 12912
12 16831
89 3707
123 2601
123 10264
132 8562
35 6505
72 13027
171 18632
