200
3 3599
4 1323
3 1266
9 995
5 3822
9 1495
4 3165
4 438
8 1863
5 2034
6 3279
10 3297
7 2191
7 3575
1 370
6 2572
1 3727
7 2298
10 3865
2 286
9 3727
5 1146
10 924
4 680
4 2067
8 327
5 2277
0 1355
0 3187
7 1215
0 1811
1 420
6 935
7 1477
9 865
8 3830
7 571
9 488
7 850
7 1593
2 3636
4 1472
8 459
8 3444
4 1617
4 2743
3 2281
8 1316
4 1357
6 1994
0 2258
0 3059
1 695
2 949
4 3150
4 3528
6 954
0 1041
7 3213
4 731
4 2111
8 962
10 3526
8 421
1 3895
8 3091
7 1911
3 3116
9 1224
0 2756
4 3476
10 2022
0 2256
10 1464
3 532
9 2008
8 3125
7 1890
8 1241
2 1685
0 3456
7 54
7 701
8 2465
5 3598
0 3099
1 3037
7 307
8 1555
4 2595
1 1571
8 26
5 984
2 3726
1 2298
3 386
8 1889
4 2299
10 976
2 170
10 1671
4 635
9 2893
6 2195
10 2985
9 3120
0 57
3 2258
10 1065
1 3835
0 3284
8 3873
0 220
5 278
0 941
2 3711
3 1832
2 2094
5 1381
1 3036
0 1402
4 2568
8 2056
8 1984
10 348
7 979
6 2807
1 2637
6 1026
10 4000
6 2029
1 737
4 3988
3 3451
7 2406
8 3367
4 2942
4 3786
10 1251
2 333
6 3862
1 1583
4 2334
7 2383
5 2071
8 3410
7 3744
2 3816
6 3447
10 3397
6 1816
6 464
9 2054
4 3535
5 1802
1 3109
7 314
8 2098
5 1716
6 3952
1 2954
2 3251
8 760
5 3939
7 758
3 3312
5 600
4 3086
4 2607
7 3949
9 100
6 1697
9 1822
4 949
9 2743
1 3607
6 2370
3 2864
2 1052
3 1980
7 1056
1 689
2 3128
2 1582
2 1837
5 1646
5 2332
7 2704
6 2456
5 3919
1 684
6 1502
0 2559
3 3618
8 2563
4 3049
6 1620
1 2104
6 2113
3 2914
