100
110 1332
15 1087
122 550
113 1979
184 261
51 1227
28 1800
4 1494
94 417
107 340
140 560
57 1582
66 848
69 227
132 1324
73 1485
176 818
110 447
66 1843
175 235
182 230
148 1371
159 479
4 738
103 1505
147 988
50 1022
6 1512
24 415
76 1378
74 1784
61 356
117 441
179 1921
186 702
9 672
11 225
55 216
30 1204
60 1023
4 1140
72 1151
23 542
149 401
129 585
129 1000
26 802
184 692
44 900
74 1610
168 1677
60 1222
180 1112
34 247
9 358
84 1965
51 1666
143 1532
81 1869
13 1247
164 988
134 1294
127 675
169 458
43 598
107 1968
148 1127
134 380
13 605
114 263
67 1107
168 1028
37 1576
78 232
48 1684
179 1257
58 1773
191 388
52 1486
9 1207
80 655
40 735
21 921
97 1122
68 1094
120 1994
68 420
198 1869
189 1395
199 1056
121 1742
19 1132
87 1120
41 1066
12 1968
147 1145
40 1469
102 1608
90 1236
84 222
