1000
89 14225
112 14576
65 6513
194 6669
121 4944
115 1652
138 18231
163 12989
163 10839
168 14464
71 1306
2 18261
44 7860
136 16202
141 19504
24 14528
55 2516
173 13860
122 3731
83 9792
147 1804
33 9943
196 3515
78 3976
149 17634
189 14265
77 7916
28 5717
160 10272
93 10281
114 18707
127 14538
89 2319
28 19987
0 6971
29 19842
52 2002
127 4216
76 764
106 2396
152 17937
111 6290
129 4950
95 13060
78 3678
18 16147
156 19489
132 8488
76 8098
103 12216
158 7315
160 15737
33 7177
139 4727
75 9432
78 17354
101 8355
82 1262
61 4508
112 7051
139 8171
55 9831
10 10080
63 18958
160 16259
84 2606
75 5496
142 2387
16 7627
96 740
33 5935
136 9836
91 3727
61 8784
183 9518
101 1482
33 2075
9 18550
162 4163
159 13625
194 8707
105 10678
27 19170
25 5957
174 12258
110 15166
116 18738
90 10066
101 14964
92 10411
173 12860
196 16370
186 7651
32 11769
69 14910
185 4588
53 5524
177 12595
150 1107
116 14740
96 4782
72 9665
90 11280
51 3934
139 17861
97 13771
109 10245
114 12955
68 13567
125 6031
71 5853
159 8568
17 17480
36 5802
110 16399
123 7831
83 18387
107 8236
37 19272
183 17276
67 19979
166 11013
63 4681
36 14039
128 19191
173 6623
5 2454
197 912
68 3815
191 17342
23 19970
161 5133
111 17856
55 13284
15 13714
168 13551
150 7008
75 16311
22 8493
155 8874
62 10408
67 18495
139 14314
82 5358
17 4004
170 10981
87 9729
190 17385
131 739
17 18001
175 17210
11 16333
20 11635
116 263
85 1412
10 3171
43 7880
63 11572
100 10463
95 4921
198 1175
179 17221
21 6799
33 10461
191 713
36 9414
176 18833
179 17048
139 6121
41 887
188 3477
189 19061
45 2886
120 2674
160 2090
197 3535
17 5965
51 12415
73 19875
89 1425
69 16066
4 18841
179 17528
175 7992
65 1419
137 17254
52 14541
58 17003
185 16056
63 3630
169 8698
153 11964
111 14709
84 6508
147 14850
32 9306
110 504
57 4906
11 15840
26 10393
137 12929
6 4715
45 17203
82 16209
185 3009
106 9391
139 3124
33 13708
92 15801
174 3945
109 14448
129 18464
200 16698
189 13037
13 19959
104 17233
85 15001
21 8078
167 5364
177 8429
170 10810
171 13431
17 11140
80 5520
112 7635
114 2699
113 12927
177 4430
153 17110
29 15920
28 15032
44 6600
23 14486
83 18286
5 2051
197 9788
188 15288
68 18459
59 11819
120 12465
24 19561
97 1331
178 6001
122 1298
134 3912
13 15696
123 14076
17 3860
124 4870
25 5680
40 16191
71 9436
1 15402
97 3665
161 6753
128 8539
25 1065
9 5197
38 18176
117 7934
155 11924
125 13765
171 12419
60 13793
181 19574
97 2078
91 13785
65 9469
138 5995
54 17740
149 3284
87 13204
123 8367
104 16038
77 7258
76 6629
196 15545
93 3804
133 10301
86 1980
64 2352
85 16453
30 10428
75 13795
117 646
123 7583
88 3306
187 15378
157 501
16 19531
179 7038
194 14639
42 957
96 3362
181 16586
63 3206
98 2819
126 2153
173 7860
198 10903
185 7987
122 1339
18 15279
166 7552
181 16302
105 7865
19 8872
138 19926
179 8753
160 10533
24 9303
72 2604
92 2212
135 594
1 12341
81 10328
97 6278
66 10705
71 16568
45 11313
106 12326
43 10923
52 10345
181 13628
83 8145
186 19077
145 7790
168 8362
188 7348
163 15835
36 2546
127 16333
76 15315
120 16551
170 17527
172 13073
70 17008
29 12070
77 13070
165 16468
75 11780
184 19206
123 18324
165 14584
70 19260
54 11640
40 6338
147 9488
88 17490
63 17705
120 8821
146 14385
68 12481
196 7508
130 6583
21 8723
194 13112
48 17155
47 7327
12 13015
5 3022
131 11370
49 2836
3 5989
93 7362
13 1517
67 18769
156 2692
77 10117
131 12135
47 5851
92 15084
172 5572
175 6158
152 13414
62 10406
127 8144
34 1476
143 5451
157 8932
134 13478
165 7659
53 6673
7 17179
99 12074
138 11901
35 7718
21 12233
161 16838
139 603
27 18904
157 11535
156 11806
42 14899
10 10076
152 9096
83 6126
104 18040
7 14513
133 870
169 7243
111 3234
6 13567
86 9861
132 18028
19 12784
150 4840
198 17372
65 8634
78 12331
171 19300
194 9589
32 18785
44 644
63 13792
179 13462
87 19879
64 2375
73 11130
31 17686
51 15630
196 6631
44 10262
160 13116
78 2236
103 10329
109 3097
177 14649
51 13749
74 386
44 10945
150 5326
186 6000
63 14940
143 15396
104 5290
81 7872
176 12755
45 5149
81 15126
127 14493
119 3639
31 16001
145 15336
35 346
152 723
20 9769
132 1416
60 1600
34 16858
10 12153
113 8683
34 7892
126 19060
140 12486
172 10478
13 2915
159 7647
1 8106
196 9958
10 10541
25 13589
138 451
46 14607
90 4672
149 8018
107 18451
103 13188
34 6190
47 4738
168 14199
31 2624
188 13921
161 4075
183 2290
32 8064
53 1960
188 16132
86 12504
182 4486
41 6991
157 13458
47 17344
85 3440
14 2365
108 12895
40 8468
37 18730
109 16888
35 13712
97 15682
133 2565
198 17630
166 6444
94 6167
30 11330
143 8348
160 11553
3 7213
61 7344
185 3216
164 4863
177 8397
108 14694
187 6496
137 12690
129 10126
91 14550
70 17446
124 7320
30 13873
160 12840
179 14860
90 6869
67 14403
127 18538
0 19272
125 12268
167 15860
2 8758
141 2171
141 15669
3 12394
165 11727
142 11488
173 16929
119 17565
137 1523
115 19293
174 17710
190 2874
55 15227
19 16318
192 12832
178 8209
9 16170
129 3542
8 16039
110 3223
145 14025
189 13017
77 13972
107 9879
40 9570
144 16483
169 9488
120 2918
185 556
109 11266
28 7551
148 12129
156 5096
162 7828
182 3785
99 3694
165 7155
164 18327
145 6520
190 9741
32 18887
111 1645
76 17627
196 3919
27 5077
100 19969
179 8983
20 5600
198 10235
166 15616
193 12887
109 10267
125 17940
32 15286
39 9800
144 18368
135 13674
187 3347
53 15589
23 13023
89 5517
173 12623
109 14709
92 2492
91 5087
155 3344
105 8130
192 12643
159 14750
82 2348
149 5701
3 7186
45 19187
38 2105
182 6065
13 7705
153 15363
62 16034
196 12669
18 14142
119 18610
119 16560
0 2396
145 2277
80 10867
110 11915
69 12106
173 3325
87 7433
145 13955
100 5177
118 7949
143 11628
184 8375
184 2270
29 19273
29 10329
129 18677
69 6533
165 8153
6 9425
160 1990
97 11688
102 6360
118 783
195 13602
70 9797
131 18475
17 18409
86 13226
86 17541
105 14321
21 8665
65 18111
196 19465
137 13739
87 7787
121 11377
25 433
193 10766
198 11418
43 2401
89 11630
54 8761
78 13852
53 10685
172 12030
73 9935
143 3091
153 2962
175 8671
83 7582
183 8334
7 10203
39 12286
150 12090
141 15332
180 1565
63 8995
11 2409
117 15002
158 11479
194 12029
47 11441
7 5700
86 11900
172 7536
125 12280
34 16774
163 1724
200 7570
98 14245
115 10330
6 11687
125 18645
174 14487
77 1828
162 13607
65 2668
85 1828
149 397
59 17908
89 14350
20 7748
143 260
51 9482
59 2244
167 6612
63 1738
122 7782
6 14402
150 6405
178 19006
133 4720
30 4886
6 11255
86 17096
172 7902
17 12631
18 6248
187 14972
132 924
131 13384
27 17121
60 17838
27 19762
76 7485
32 16559
151 8651
23 13250
64 7330
5 14758
140 1166
47 12224
98 11918
105 12953
56 12181
123 19879
95 11066
181 13539
174 13908
69 15270
14 9447
111 6317
56 15487
113 11322
182 10275
154 16602
63 733
179 10914
170 7398
160 7746
78 11664
108 6237
77 17572
66 17277
149 10390
40 5573
150 6913
44 8419
77 14513
113 17893
123 16144
45 4560
112 812
118 7204
141 10599
152 12326
124 17478
124 466
27 19184
8 7695
175 4755
141 1460
68 14890
58 10940
5 6709
98 911
20 7688
24 14141
32 1744
129 8152
140 15706
9 1451
111 8792
114 3534
157 16805
119 14815
88 12831
173 14802
199 8207
112 4647
68 13590
110 14039
37 17450
114 4102
87 9819
95 4115
29 3773
31 15413
172 12189
59 11267
36 13518
156 10702
11 13055
153 18684
90 8810
44 1912
111 3802
30 13462
184 5643
123 18355
54 5742
70 16768
132 3540
7 8782
144 10033
123 3953
96 528
33 12322
191 7185
16 17325
117 14609
87 12738
194 14305
146 18635
199 19765
143 1021
169 7648
66 11951
52 8451
136 17462
78 1804
159 13723
110 16001
96 6144
145 18516
190 12471
74 13749
134 15964
107 17100
102 9236
22 4451
113 5758
74 12186
98 13559
90 16074
9 9042
118 16786
108 18166
1 17622
28 17605
141 6129
106 9347
140 4437
94 14198
12 5314
191 18491
129 16010
56 13676
52 7797
114 4605
140 9332
128 602
38 2817
160 19045
68 12205
73 18414
112 17879
77 11469
160 17795
113 3001
150 4632
106 11152
35 14862
18 15525
156 17387
93 16233
79 14305
18 4390
3 13954
101 8721
66 4667
16 2286
157 2408
64 18695
72 13377
189 11373
4 1318
102 245
58 15204
192 14852
127 7917
48 10551
200 2589
195 19293
71 13648
132 2942
24 9150
157 16885
173 14880
1 16888
136 6052
138 3734
153 18000
27 3886
156 7932
27 3421
136 15285
195 1079
18 12391
72 18147
170 11734
9 11647
139 13060
64 9530
35 17096
42 10772
78 11088
169 10930
78 14276
156 3054
152 15437
18 14540
150 10541
96 1035
152 1785
83 9110
134 5639
147 11460
54 11875
100 7699
71 1155
57 4523
155 12891
186 17041
174 12090
136 8099
176 10070
1 18475
88 2026
194 14662
122 6881
128 14294
175 16725
167 18762
137 10342
98 530
190 2705
111 4986
145 13993
44 15432
97 8729
40 2593
45 9645
8 3087
76 6347
74 15206
182 9059
59 18853
94 16443
56 10475
155 5046
191 3751
138 15747
13 10121
17 17354
178 13990
38 18446
101 2552
165 16030
100 8162
42 5213
54 9910
175 12782
82 3113
93 1290
48 6239
36 5728
6 14753
150 10623
68 17269
149 5791
172 19404
83 11775
1 8188
56 8080
128 6416
194 556
73 12856
185 5524
118 1570
14 548
170 1876
154 5950
86 12804
140 15984
63 6132
122 11773
182 965
51 3029
91 336
162 16285
88 16913
81 4064
104 9259
32 17698
4 19935
187 14846
144 19135
166 7325
69 19640
17 14594
18 7892
180 16378
169 7793
92 14839
132 11566
111 5570
151 217
150 6415
