100
100 893
193 538
186 1842
18 965
70 1420
27 1152
145 1033
11 1891
15 625
56 445
5 882
85 1307
161 292
29 723
34 1503
62 1414
86 1903
64 616
128 1505
165 1514
45 1102
166 927
167 1224
115 915
28 1129
117 1091
47 410
99 1365
135 1351
45 635
21 1957
17 795
167 1993
46 510
153 541
101 1118
162 1741
55 1068
18 1702
167 335
192 1545
58 557
9 1555
115 824
54 1920
59 1216
161 1505
12 550
200 208
156 1319
135 661
14 1090
1 537
54 911
145 1991
51 1388
88 1355
43 1812
101 1843
178 1529
178 1807
140 351
127 822
26 1021
166 1741
59 675
81 1052
126 1439
127 1526
79 722
149 499
141 1058
114 1602
99 1658
165 326
19 1116
26 1260
143 1669
191 1209
5 219
120 1893
191 1892
148 1494
130 395
44 953
6 675
61 673
110 1691
102 459
192 760
73 1606
23 1631
2 1590
97 1567
195 702
46 1170
146 1173
19 1479
119 1525
114 1010
