1000
95 15359
15 18668
0 2218
152 11595
131 16074
61 17826
28 323
3 2847
164 3705
11 17398
18 8001
162 10319
148 19376
119 5220
52 5463
36 8957
195 12360
13 12698
174 15794
131 1144
101 3678
10 14482
19 9427
78 6326
186 17631
18 7918
102 3744
152 7759
101 10622
38 6183
5 14001
157 11082
108 8333
103 10459
183 1095
87 13048
70 4548
92 211
159 2074
194 12049
114 5046
27 6594
27 15495
90 15087
109 10194
23 17802
99 15351
168 7395
196 18247
163 15032
104 18900
136 7963
105 9221
47 647
163 278
125 1377
115 13272
79 14034
182 10887
101 5304
59 1733
187 19503
59 19016
33 15787
177 3600
44 2588
132 8491
128 3565
127 10802
184 16434
138 7037
193 966
196 13316
127 9225
166 5460
62 6826
136 19915
168 3577
86 5355
103 3688
58 5830
50 6380
173 12375
34 12560
179 256
85 3512
68 12649
0 17649
65 702
196 9846
18 5339
79 19796
71 19515
200 8711
9 13157
190 17862
36 1097
145 9769
143 1302
59 1978
168 15062
125 18556
89 15295
133 9149
76 18680
70 8284
152 17798
45 4004
67 10934
120 6441
129 9487
28 7657
62 640
185 17101
120 16211
36 8226
50 873
39 11857
43 9585
158 19902
100 1760
2 18749
25 6002
95 14623
187 2305
163 878
134 12619
71 12313
72 9518
148 1296
179 3995
172 14699
27 8979
131 8845
191 2098
132 16665
29 3401
15 16423
87 1118
67 14546
197 19380
53 5465
116 5953
195 18142
30 12737
35 18086
173 3832
119 5077
126 16586
162 13839
126 16327
164 14991
62 11699
184 11347
173 13605
146 4527
155 19504
158 9167
107 8768
142 2273
1 15793
182 9820
30 9517
22 14307
41 10441
2 11012
199 17063
187 12435
191 11955
72 8329
77 17634
135 10683
12 19606
78 14673
66 4287
44 493
123 16516
95 14488
141 6290
172 16816
169 9739
115 6290
119 3296
101 8800
39 16255
55 16208
44 6435
76 1627
88 18752
127 10892
121 16708
98 5476
144 14067
139 13962
187 18982
16 2722
144 9918
123 6268
119 13278
18 7048
195 8936
128 9276
121 16834
46 19665
50 1555
70 4709
0 8615
107 19850
50 5082
183 9188
178 15977
123 18673
147 13751
185 14610
46 19788
112 17831
2 5585
5 13049
80 18333
126 6206
63 4818
0 12263
182 8716
137 422
96 4514
117 12479
37 17469
118 8455
171 18440
118 11144
37 3328
112 1916
106 6715
2 19485
96 11082
61 13967
95 9104
16 17095
82 7782
55 16680
59 1724
149 4670
180 2869
38 862
164 319
167 10942
157 4297
161 12552
59 6534
144 1182
197 7108
44 12436
156 7433
0 19147
92 6056
170 6473
90 913
131 18859
21 255
188 16389
24 567
93 18015
106 7037
138 6078
31 15706
24 13313
54 4197
6 16352
165 13178
122 5261
27 11274
126 4012
18 2968
18 14475
23 14313
116 18681
92 6271
175 16819
10 13855
103 14965
127 14125
104 13822
51 1345
131 1370
99 17946
60 18370
148 15874
24 15937
22 13794
4 11301
84 3140
3 8697
56 14002
87 3201
73 6030
128 7703
197 8363
84 6238
119 9869
101 12949
129 2932
38 12579
82 5122
166 18558
148 10457
95 7220
150 17044
24 17421
26 9627
0 6790
124 9584
120 5776
180 8734
11 16290
36 7835
86 17648
92 19313
156 19565
43 18528
70 1543
10 18804
17 1218
161 17765
127 14243
176 3095
89 14833
93 14410
38 11991
1 2611
66 5516
39 10338
80 16372
150 17803
163 2730
157 7871
71 3361
9 14906
54 11178
96 16486
199 5093
15 12369
178 9984
185 18244
198 19222
39 9279
56 4586
23 14903
127 2259
179 16040
26 15741
129 11519
94 15526
67 1162
20 1331
156 15492
10 5255
49 18760
153 9624
111 15240
61 4166
179 16239
118 9609
178 1597
197 7571
84 19947
6 7835
18 15150
138 14446
72 9249
144 13363
18 8658
198 11456
121 8368
33 11263
151 19435
122 13376
140 1886
123 2694
78 1960
95 11641
130 7941
142 1207
142 19590
183 3784
149 17012
159 17806
16 14648
102 11271
112 15153
184 8618
111 18347
130 4986
32 13378
137 14503
172 10587
45 13815
180 4697
68 18254
141 18816
131 3967
119 785
156 13095
72 12726
189 19282
186 18145
18 3155
98 3735
175 536
163 16311
191 9193
109 18517
187 12728
113 4913
158 6005
56 18910
2 15620
13 4141
183 19526
80 17410
33 5101
103 11523
174 296
97 685
132 16317
125 14758
24 5203
0 19255
77 18005
5 6055
178 15040
35 4148
117 14748
38 7547
107 15731
176 17807
39 10712
70 15251
47 2793
21 6385
179 7868
168 5245
105 11717
1 4761
75 4408
163 3244
154 8094
124 11527
61 16290
74 825
8 16676
127 18187
5 2578
40 2354
127 14639
23 2505
200 4032
28 2563
147 16270
56 18437
111 1066
79 1667
194 19961
154 4583
190 1998
113 16887
184 12498
41 1156
200 9285
140 3801
86 19193
11 11407
150 11397
186 15253
111 16000
171 16214
159 19883
55 10205
180 16071
103 11415
41 17771
28 11586
113 5777
131 9830
132 14106
1 16610
4 5478
115 9725
189 16526
125 2655
37 17469
25 14074
147 9685
94 13675
11 6446
27 14071
122 18593
170 6335
157 9199
88 13771
65 7220
179 14132
196 2225
69 2489
151 12353
53 2961
100 2768
112 663
152 1522
80 6396
176 13837
172 17523
19 7378
81 1218
194 4978
34 9046
158 10685
110 11152
77 3252
43 16409
131 19124
119 5228
8 7447
196 9015
138 8355
127 7569
162 13913
180 16502
154 6958
64 6155
55 13820
19 4993
196 13248
109 10336
22 2143
69 10969
188 14993
177 3685
77 12556
132 2663
20 3006
3 3978
103 8810
178 6313
197 17702
51 11676
103 7436
120 18977
37 17170
160 16337
153 5366
110 4823
3 19989
31 1061
47 4669
160 12152
21 19309
186 10059
86 11150
98 2724
71 16564
122 10327
116 8840
3 1625
44 16848
69 6209
198 4419
40 3048
49 4552
25 11626
94 5558
118 8322
43 10705
164 442
78 16288
64 7096
57 702
61 12407
67 13252
42 7992
56 6579
54 9691
16 12517
13 8428
19 10964
0 9396
183 6205
135 18809
30 16406
146 13429
191 12094
109 3042
135 11727
127 7727
169 19034
152 11459
200 12987
127 14468
159 1988
127 478
173 4093
153 13273
88 17864
184 3869
33 17280
19 7581
16 17796
190 14550
172 5992
111 5416
71 19883
40 11015
173 5532
12 8365
196 10144
32 2894
14 7372
38 18875
198 1319
88 6824
62 11120
191 1547
85 1190
120 13577
7 19663
149 14676
17 11399
119 13225
137 13576
52 4560
46 1298
27 422
70 10111
46 16914
145 6394
174 8937
198 16517
183 11737
150 12762
194 13191
188 19374
161 15062
134 9553
110 17391
15 3004
30 16424
145 5567
87 3150
130 633
89 17343
105 10834
163 16518
30 791
30 4983
9 819
91 2168
61 4072
162 3552
126 5842
89 19902
172 5620
137 15301
131 15150
63 19042
95 1564
17 19103
35 7284
89 13456
178 9639
145 11315
108 17980
80 5693
11 3108
111 9671
119 11067
106 10857
135 1658
188 7117
88 17411
66 16404
31 11199
147 1271
5 13612
177 1059
196 15156
112 16275
106 18561
54 16363
183 16782
104 7044
13 4332
33 7499
16 1656
168 18586
50 14768
176 9241
144 19804
105 2972
65 14859
134 5389
179 15817
176 4622
20 18535
164 7366
165 14695
136 11525
8 1058
195 2918
107 3679
21 13374
75 10061
150 18198
14 11063
132 3588
121 10120
125 3954
46 10518
10 18652
68 3996
166 11535
69 18478
26 18987
19 11696
23 2756
44 2493
108 7293
128 1267
132 4730
189 13463
159 8042
3 9229
56 14438
193 4453
106 14417
167 14848
1 2001
139 6902
88 9534
86 17393
148 11600
90 10549
179 14946
176 12663
93 19783
199 1573
95 5821
30 17258
60 6402
43 3604
9 5442
64 19446
86 3004
3 7305
7 17800
77 5267
73 19184
156 8019
63 4967
177 3905
154 14473
31 15243
140 18299
127 12235
184 17976
85 14735
47 13192
174 2403
31 7199
101 12863
53 19543
197 17645
138 2128
3 19654
151 11709
84 18011
194 3872
109 7418
81 1364
163 4712
135 14332
136 9378
62 4361
143 8894
76 1050
51 9967
53 11312
18 11610
144 19700
55 10939
139 7251
50 795
164 7144
59 2875
92 9736
178 11945
73 1453
9 10332
188 6221
192 8830
33 3511
78 14335
160 2624
163 16152
143 16159
154 10027
86 17998
148 13247
144 5246
189 2205
129 14738
12 2001
8 2614
137 12743
117 7583
127 4024
88 11936
15 5971
27 14137
147 10061
84 7756
32 3782
148 8637
105 14229
23 11103
82 569
100 12435
152 18246
89 4926
146 5521
183 19472
20 11019
112 18443
20 3005
35 18729
24 4742
197 5690
167 6977
133 11413
194 8851
71 9287
162 16605
181 12891
89 3842
108 18566
32 19537
192 19963
113 4398
111 8335
184 7133
175 15755
177 5306
155 16166
169 14356
75 6956
87 14574
12 9549
167 5430
116 17902
112 6913
160 19608
141 18629
67 10768
60 3222
6 5431
41 9131
191 14563
69 1578
175 13041
71 5268
70 3203
45 6559
34 12889
149 13250
43 1460
80 11305
7 3620
121 9963
51 14800
143 10012
196 16705
161 6877
62 398
30 16922
84 7375
157 10781
140 11625
196 10218
189 7438
69 7263
181 18317
0 11360
123 581
112 5595
33 9440
152 2585
133 11658
71 17511
109 4289
132 18817
164 15037
140 643
73 16724
11 8837
98 11189
157 16370
130 5070
147 19009
87 7895
193 12887
43 19057
162 4529
27 19450
94 5623
121 12420
173 4539
79 8586
124 4638
158 15137
124 14412
17 3825
188 18503
62 8528
58 5312
112 7720
168 3371
182 4566
125 6888
116 9259
24 3328
139 18250
36 18120
129 14737
12 11597
61 1014
7 8572
0 13697
82 9725
111 16815
15 4002
31 13138
185 7380
189 11313
188 11205
137 6003
163 718
43 2700
66 2249
33 4861
24 12947
157 13435
14 630
39 19421
57 17368
118 11931
145 10451
38 15558
145 13683
96 10116
182 8145
169 1983
13 4733
105 3035
104 16313
177 7105
187 7112
117 862
145 7199
81 3342
7 708
94 8207
4 18360
164 17809
43 1364
116 3923
79 7047
190 12110
141 9142
74 10776
6 653
185 2374
77 15447
50 6165
138 10105
157 16066
112 9089
2 18367
5 9563
177 4796
128 8587
178 1321
117 15990
6 14956
99 4603
174 831
69 18525
48 6039
43 6791
0 19977
106 632
30 5861
2 16647
