100
77 386
143 1880
155 825
36 1454
50 423
29 782
4 1909
109 357
150 1251
68 432
27 1926
59 752
140 1883
39 666
75 631
173 812
135 1588
52 257
60 1964
179 1981
28 1421
102 383
116 1567
60 1571
99 1089
136 1140
58 1414
69 1454
53 1607
110 230
52 1055
113 925
33 984
34 942
83 454
105 934
43 606
72 1683
53 1495
113 927
16 1462
78 1563
114 1414
0 1233
104 974
114 498
62 310
156 1132
143 417
7 1796
46 399
24 1337
87 1807
77 1380
151 1909
63 1026
104 250
175 1640
130 1973
72 1962
45 377
103 1256
1 339
49 1141
53 940
126 310
94 722
21 772
53 862
21 1434
119 1782
49 1199
87 980
49 1465
144 897
10 927
82 814
68 1022
149 724
129 556
146 444
114 1243
73 1354
39 1136
95 1777
123 1805
141 676
65 1805
141 1663
142 511
95 1434
137 553
116 339
8 1560
26 1067
191 1784
158 1367
5 1808
173 210
135 277
