200
1 3192
1 3297
8 2095
2 1781
8 1726
7 2655
2 885
10 1540
4 2369
9 205
9 1701
3 1051
3 1587
3 171
8 3299
9 3100
4 3662
2 504
4 218
2 572
3 1892
6 35
5 3553
9 250
10 1120
7 995
7 1285
5 755
7 578
10 1425
5 3971
5 1023
0 589
2 525
7 1435
10 1795
5 1891
8 2827
7 1012
7 2904
6 2783
6 122
2 1247
9 1974
2 1259
2 3122
3 1701
5 1094
8 3193
1 1405
5 1862
7 926
10 2183
4 1635
7 1828
7 478
9 851
9 2985
6 2789
1 973
1 827
7 346
10 3210
6 1226
7 3630
2 431
6 381
6 717
7 1886
6 3706
0 2260
5 2985
1 3688
6 873
3 2280
6 2343
10 339
7 3846
0 1617
2 2478
2 2214
6 1717
7 3399
10 303
1 1594
8 366
3 3605
3 305
5 3309
3 3317
4 965
9 2416
3 932
3 948
8 3190
1 1583
10 554
6 1602
2 1032
6 1856
4 576
2 3783
6 59
6 2835
1 1572
9 1673
4 3141
8 776
10 2875
7 27
3 2976
8 14
6 1114
8 902
4 738
3 3224
2 1618
9 389
0 2642
8 2264
8 1786
5 1892
4 3120
9 1412
4 573
4 1157
2 622
10 3749
8 2227
8 1590
9 3999
2 955
8 3722
9 3534
3 315
5 2614
8 3070
2 3776
2 2310
0 1499
1 2345
10 219
6 1374
5 3420
2 392
1 33
4 656
10 101
7 1758
7 1466
5 1749
6 1554
7 337
1 3424
10 2577
2 3539
7 1359
10 1045
0 1221
0 2619
3 2123
3 1490
6 1174
0 1659
5 2433
6 3581
10 1893
3 324
0 896
10 2988
1 1255
3 1073
7 2235
10 1657
5 2030
1 281
9 3148
3 1519
0 1361
2 313
6 193
0 51
6 3232
5 575
4 3830
10 3310
1 3778
7 1538
5 1970
4 1387
3 1865
1 3616
9 372
6 3228
0 3541
0 2710
8 1838
6 816
4 3653
7 3473
