200
9 654
9 871
8 916
6 336
5 1875
8 1209
3 1013
7 3453
0 2524
6 101
8 213
8 2210
5 135
0 2234
2 3571
10 1290
10 1456
3 1712
7 1752
9 3273
4 3931
0 2129
9 1435
6 1908
6 3733
6 3644
3 2910
5 314
9 1130
6 3557
9 2339
8 2539
9 3035
9 133
9 2061
0 1683
8 2458
8 2481
2 1624
0 2431
10 2115
1 3171
9 20
4 2884
5 3154
7 635
8 1198
2 3741
3 1630
8 1719
6 230
3 1369
1 1978
6 1526
1 1216
2 1395
3 549
0 2020
10 3406
8 1389
3 2279
7 974
3 2342
3 2261
6 2939
6 1660
6 3284
0 3519
3 2811
6 1370
8 3956
9 2126
1 2693
7 2192
5 1784
8 1269
7 2696
5 2298
8 2125
8 979
1 112
2 458
3 755
9 3456
2 2928
9 3641
10 3259
10 3537
4 155
7 2168
10 1182
7 2379
5 1034
3 390
6 642
2 1585
0 1228
8 2537
0 631
1 3922
4 98
5 3070
7 228
8 1400
3 1489
9 999
2 676
4 533
10 2123
8 80
2 1054
9 999
1 198
7 2569
3 947
7 604
10 1101
1 2285
2 1195
6 1801
7 316
5 288
2 565
6 1875
10 2304
2 2115
10 632
0 2713
4 3059
0 1908
6 1846
7 584
2 2955
4 3127
6 3050
0 3976
2 217
4 3002
4 680
6 3452
5 3315
3 2534
4 3040
5 3441
1 2812
6 1710
4 1805
1 1569
2 2418
10 1888
0 2135
9 2164
7 2939
7 2832
10 104
7 2787
7 3877
6 3253
4 2159
10 1411
5 980
9 1516
9 2787
1 1023
1 450
6 2100
6 912
9 3675
2 2822
10 731
6 2698
0 1306
3 3476
1 765
3 2059
5 3989
7 469
8 2031
10 2321
9 1612
4 2934
6 2785
9 2147
6 3417
1 2584
7 3096
0 3281
5 2562
10 472
3 2795
7 99
5 3143
6 315
8 1734
10 479
10 907
10 741
2 3816
10 3717
1 1474
