200
6 2785
6 1519
10 1167
10 3798
0 3456
1 2165
10 2097
10 597
8 3627
7 1937
5 2124
9 2496
0 2714
4 1809
2 549
9 949
2 322
7 1239
6 3610
4 3381
9 205
4 1233
7 1517
7 3379
6 3709
1 1413
5 3397
2 3278
9 3965
2 1475
4 1335
10 3746
6 1378
2 1246
8 1094
0 1436
1 1881
3 3520
9 1444
1 1894
2 1928
0 2576
6 1326
10 3495
3 998
6 2360
1 2747
6 1634
1 641
0 1336
3 109
2 980
7 1997
8 1406
9 3761
10 568
5 2131
6 1633
7 3944
5 3337
10 3108
6 1145
2 3227
9 2411
10 1754
10 897
8 1059
4 1722
1 662
8 502
1 679
9 1917
0 1694
1 332
8 3465
5 771
2 1213
10 274
5 2820
10 52
0 336
0 607
9 1285
5 1831
3 900
7 1427
6 2677
1 2232
1 2300
6 296
6 1147
9 236
8 984
2 3160
0 277
3 1515
4 145
8 2445
3 604
5 330
5 3482
10 2249
8 2589
8 3143
4 2832
0 2847
0 1355
5 1326
2 3701
0 1147
10 806
10 2122
1 714
2 3358
5 468
5 1160
8 2513
1 1371
9 302
1 3261
5 2684
0 26
1 3380
0 3464
0 3880
4 2211
5 2882
7 2994
1 3460
1 637
10 2150
10 2227
7 415
1 3347
2 1767
9 923
1 1473
4 3283
5 588
4 1217
7 3481
9 44
8 2589
6 2815
3 2914
7 613
6 1350
6 2477
10 3018
4 1510
7 2916
3 2097
0 3610
7 3270
6 3321
9 357
6 1063
10 3496
3 2138
0 2465
5 1713
6 2783
0 1368
7 1701
7 1101
0 2234
0 3472
10 2217
4 906
3 1664
2 786
6 2133
7 711
7 1679
6 2111
8 2256
7 1639
3 1478
6 1061
10 3297
3 1006
6 227
4 3699
1 2541
2 2168
5 719
8 743
0 1028
3 3490
7 2687
4 1541
2 2544
5 239
9 2170
0 2032
4 3059
6 3747
9 3015
9 1914
0 565
