200
1752 3041
241 3367
1027 3659
3557 3913
2673 3246
1377 3361
562 4003
1188 2552
2975 3609
1175 1737
783 3447
1115 3104
832 3826
1349 3093
1381 4048
2181 3143
2687 3830
3307 3974
1568 3305
1956 2171
3941 3944
3755 3921
2355 2479
1923 3033
1359 3154
1645 2942
3304 3543
1452 2256
3489 3869
2248 2445
407 2634
1917 2887
3166 3602
1643 4121
2099 4046
2058 2737
720 3805
1484 1722
761 2002
688 1123
3529 3932
956 1369
3218 3598
2490 3500
3090 4179
830 3380
3685 3933
2393 3863
2767 3841
1503 3679
771 2606
3543 3638
1230 3085
3327 4131
2077 3205
1167 1826
3544 3839
3893 3962
2046 2661
673 3879
2524 2934
3929 3933
2393 3979
2309 2455
2076 2539
83 2253
2018 2295
585 2251
2244 3217
1972 2325
3667 3691
3746 3940
2981 3276
522 2364
2711 3716
320 2813
2966 3841
3358 3707
1977 3973
1406 3997
2942 3793
1285 2648
3681 3938
1474 3169
845 3025
3492 3805
1043 2399
489 3522
1235 1372
1699 4098
2887 3260
336 3798
3674 3860
1671 2491
2183 4039
819 1042
2630 3602
539 1229
887 1399
3148 3401
3814 3842
3986 4159
1820 2647
302 3330
304 2290
2982 4191
759 1176
2047 2524
3790 4161
3509 3568
1245 3193
3986 4180
1367 3425
621 1519
268 1203
1584 2403
2977 3888
2375 3401
3821 3894
1 669
3629 4055
3067 4171
948 2999
926 3438
3702 3755
1513 1999
556 1799
1018 1865
2454 3271
48 395
3544 4181
1865 3127
415 3011
169 2896
2720 3192
3298 3857
3540 3644
3191 3296
942 3841
564 2267
3657 3919
2254 3572
1567 2259
1581 1743
2972 3719
2272 2616
3965 4023
2927 4137
3775 3905
3194 4178
3020 3356
1900 2543
1822 3062
815 3698
1726 3774
130 320
1760 3837
884 3113
1282 2723
845 3523
2424 3751
3509 3750
3928 4036
3292 3923
3528 4166
3752 4138
2716 4095
3313 4062
1735 2849
602 1925
1008 1357
2564 3498
742 3730
139 3046
3034 3151
3590 3775
2173 2225
3649 3796
1673 3659
2402 3404
743 3009
667 3480
3284 3660
1453 4190
1356 3898
641 4087
2165 2531
106 1784
284 1407
1296 3425
2554 3471
3282 3729
714 1018
3393 3502
3580 4008
565 1304
2857 4157
1098 2234
3730 4145
2602 2917
