1000
9644 16110
9373 13859
10877 20350
1533 6517
8142 8863
11159 15244
18822 20479
7215 15915
5271 16692
420 8494
12979 20285
18061 19128
6975 20496
19531 19615
1325 1902
12597 19261
10169 10498
19128 20927
12745 13262
16624 16917
10368 10849
3546 18362
400 13186
579 3007
6896 17569
15372 15961
8994 17463
15970 19663
14986 15647
716 1169
1552 13194
20000 20131
5948 11659
1483 18173
16497 19880
14298 20122
8945 18261
6503 7468
9165 18612
4047 5491
15763 17514
17817 18255
11503 16880
16046 18260
15487 16466
11356 16794
19288 20390
18072 20684
19969 20115
19518 20529
13265 17680
18501 19010
12724 13722
683 5875
15577 20294
15892 19459
19877 20827
3099 4192
12267 12812
17343 17385
15338 20368
9003 19045
15325 18759
9493 15768
11583 16346
14952 19460
2304 17900
7647 13668
19817 20322
19488 19776
8229 16415
11517 18656
9531 20149
10484 14851
16588 18684
1142 20936
9779 11874
1935 8740
11007 13562
4424 7595
18652 18717
14691 18785
14539 17375
7193 9501
2073 15569
6754 14409
15845 17889
15780 20984
12142 13953
11150 12728
15992 16086
17442 18527
11937 19468
18299 20074
278 12479
19667 20910
5594 12820
2362 14548
4086 15830
6123 19060
11897 13149
15172 15866
17335 20799
9253 15145
1745 6099
15627 18453
16807 18520
3190 13834
15539 17086
17315 19988
9037 19608
8437 19262
7735 13663
8858 15562
15620 20784
7454 18323
11917 15152
1159 10861
15669 19915
16978 17800
7278 19279
9897 15688
17603 17960
3660 4567
19398 20803
5283 9582
9663 14324
1018 17723
11819 20524
5214 17286
2312 8698
6782 16313
17854 19118
7681 15308
2023 12165
17319 18956
2007 7008
13597 14533
4515 19013
2734 7090
11735 12640
5009 6547
3268 18670
2423 9404
12036 19267
2179 2464
6454 19960
5997 6105
14615 17453
6250 18425
6164 17986
6900 20632
977 10061
2741 12002
7064 16531
13493 19393
12961 18145
16918 17108
18991 20429
14945 16863
10268 15225
6510 7426
11584 17809
14578 19172
7200 15796
15371 20812
12656 17725
12145 15293
19481 20994
10999 11170
6373 13440
9700 20337
12267 13573
19580 19930
18086 20959
6014 6590
702 12344
8805 20979
4835 11303
3567 19424
14063 20395
13030 19650
7970 17898
1929 10707
14187 14784
11288 13744
784 14169
13073 20345
3319 11560
5025 17144
3058 7562
4057 4079
4053 8332
99 5894
12955 15684
19314 20553
4268 5671
10520 20944
9651 19694
17506 17974
12243 20336
6289 9793
9761 12733
17416 20478
14610 20623
9758 17433
12092 15779
9144 10826
16892 19593
7847 17713
7995 14852
11100 15010
6700 9277
17009 19894
6304 12862
19857 20658
18634 20189
1353 1634
759 12751
8045 12214
13356 14151
5933 16491
13435 17917
9369 11207
2465 11435
11592 12279
16480 17506
3930 13033
15093 19041
16916 17051
7583 8888
2140 6265
7503 20034
14648 19721
11246 14496
17785 18694
13870 16190
16104 16447
11669 14964
4946 6388
11953 20371
10316 19164
14342 18255
5979 15543
227 17669
467 7588
3759 8350
17864 18999
14414 19628
578 9690
16422 16680
16014 17640
18578 18964
78 7567
1407 10250
9431 18259
13256 17685
15580 15831
4004 11786
13900 19301
18609 20749
6832 20155
1299 14355
19700 20538
4172 20660
16760 20242
17457 18784
19734 20303
6909 19970
9618 18057
18083 18697
5482 18386
6118 10717
905 4677
11476 18856
18030 19672
18818 19838
7276 13695
1344 18135
7068 19129
13464 17728
17922 19920
8054 18574
15327 16832
14200 19283
2193 16979
11511 15424
19396 19811
10049 14464
7582 9267
12543 19895
9774 20934
8077 19893
12638 14019
19036 19827
19603 19872
19528 20617
18242 20707
2341 10005
2320 14736
4298 20682
1321 2581
7648 11654
15901 15984
6976 15110
12948 15277
19563 20647
10717 16026
12024 13086
4261 15877
6478 7706
2459 11212
18405 19422
2375 7994
5978 11226
2470 14341
8668 20766
12230 13180
19003 20439
16625 19805
12636 13596
3919 7118
4520 16326
6150 18161
9824 14167
7840 16547
3161 18530
173 1256
6491 16366
18652 19364
138 5649
4308 16155
12530 19667
1557 11565
5962 8202
7300 9813
13871 20067
867 18936
5439 6275
7102 14169
11109 12024
18926 19593
17402 20604
11129 14800
479 1702
5066 13213
2968 11420
4048 5132
7194 16383
13802 16766
5178 6769
8897 18931
13768 19732
17225 17841
15997 17064
273 7917
502 12308
11441 20683
11350 11404
14785 19036
2444 15279
19201 20245
2917 11022
19241 20324
3383 4457
13677 17077
1768 18348
13752 20572
17459 19992
11137 11577
8753 9084
14414 17511
3142 12478
14256 15285
12914 15037
10525 13701
5764 16066
7281 20893
598 8987
17193 20591
368 11296
7911 10321
8465 14325
319 5144
18753 19954
18898 19545
12908 19642
6324 19920
12193 13688
8578 19775
5292 16199
18937 19429
18536 19614
4257 20248
18831 20306
7225 8001
19838 19903
19242 19585
7373 18772
7943 8609
15760 19607
7038 11552
17367 19850
2581 13686
4834 20390
15863 17839
16639 18757
3132 14763
1284 15317
16248 18560
5429 15045
11503 18626
5042 5473
13766 14031
3616 8166
12050 20199
12510 18994
17982 18645
2057 4386
14496 18973
9323 13980
2654 11647
1517 20412
1236 19756
8044 15308
9911 11815
17899 18459
15749 19899
11695 20480
680 10638
17413 18116
14721 19599
12616 20086
949 19647
5937 12080
7652 18988
19195 19361
19914 20715
12213 12750
13038 19590
817 9019
7920 13687
1446 18327
13770 15984
19898 20188
6270 16527
3699 12760
16631 19153
12313 19152
15852 16165
18885 19025
4306 12052
1338 10786
692 8150
5190 15172
10729 18181
2670 10554
17100 17865
4488 16082
1778 12801
7837 9240
12975 17212
7039 8415
13543 19380
5536 9695
10938 20444
2291 17314
2814 10790
11823 17623
6715 15190
1960 20422
9396 18332
19787 20599
9645 12770
15699 20141
877 6804
8845 12800
17771 18153
5421 17958
4148 12612
15028 18776
17064 19083
8415 13283
15817 18718
17525 20055
556 15965
5577 17010
9007 10777
13720 14823
4194 16297
14256 17168
10151 18634
19 17484
17085 20775
19061 19678
433 9101
12580 14377
7725 17749
14573 15615
10168 14102
12586 18352
1324 4688
15316 18077
2957 11074
414 3660
729 5181
8440 12272
12213 19042
15617 19130
19658 20117
12312 17829
18075 19313
13742 16310
2470 9897
18588 19440
17951 18040
10377 12806
8213 13911
6913 19127
15526 18582
7542 8064
8736 16305
8925 14462
9337 15326
13457 15526
11587 13314
6393 17269
17711 18879
11388 19959
12513 20287
12492 18770
3565 5877
16763 17648
13505 16779
2337 6663
9603 14520
12658 18941
4079 15565
1518 6124
10258 11102
5661 11950
12317 13275
5268 16317
7299 16887
10810 13854
8922 17895
15302 18115
19282 20570
2121 15318
11046 17736
18901 20772
6676 10497
14569 15241
19949 20923
4826 16509
11133 14946
2881 10360
17559 17591
10860 14619
18238 19425
9107 12864
13095 16133
10202 19536
7800 7885
1179 1304
18020 19386
11341 20168
6813 12600
10795 19252
11042 13774
17081 19204
16033 17047
5022 14315
2376 3587
751 8426
16135 16970
10086 10168
875 14717
8715 10676
17048 17722
19009 20353
1224 20124
13865 18228
15058 20251
3445 17479
19003 20088
520 9747
15785 20021
10680 17507
1466 10364
18300 19842
7456 8644
222 5948
6762 14442
16083 20247
12408 19168
7665 14531
12982 13284
3258 8332
13004 15299
10149 18940
7673 19437
3965 10747
13074 20829
3366 19398
18222 20624
11220 13814
2376 7810
8695 10735
5551 8197
13601 15359
12702 20735
1263 17260
8446 20443
5377 6896
18653 19376
10819 20454
19599 19845
5156 6495
2197 19296
120 1029
5867 13539
16341 18891
19799 20364
6930 13776
5338 18593
8959 13560
2039 11018
11905 14275
7911 9934
12876 20883
6487 15691
8799 11999
9044 17902
13681 15796
8388 19828
9574 14486
2950 17715
330 15360
17330 18368
11235 13126
18030 18715
17806 17834
6763 10532
3343 17632
4963 7912
16209 18341
16825 20425
18107 20775
9649 13920
7441 14693
19326 19636
2866 18999
9932 14007
6425 9340
15976 19213
16801 20634
7274 9879
18137 18550
9436 10441
949 4051
3850 15104
19475 20355
19091 19969
18610 19444
17219 19599
16934 19421
9553 15794
17818 20936
4028 6625
12373 15858
17658 19817
8012 19660
7258 10701
17167 17286
4755 16396
8943 14205
16993 19718
13828 17078
1965 11738
1699 2254
2634 7714
14431 19392
4569 19175
16260 20621
4939 15063
12581 12713
3711 8986
3148 13458
6282 11851
6522 10384
8403 10748
3937 17368
2822 8618
17717 18854
12081 20934
14048 20285
5286 15755
12338 14153
10954 12184
1961 7029
16160 17311
14652 15212
12620 19341
2261 2423
7521 12734
3633 4001
9521 11523
19740 20129
9033 12176
4732 9730
9796 18838
5967 13979
1800 16976
11514 13953
4284 20627
6172 15511
5376 18371
9935 18164
17450 20898
6162 9780
19663 20680
14295 16827
15456 20674
1999 12185
4910 19878
2352 4460
9263 17462
14992 15536
6620 19429
7794 11971
9898 15988
1422 18923
1516 12454
1409 7795
1550 11172
5247 19064
440 9137
4645 19598
12123 18483
9613 15268
17257 20814
1305 15629
1359 5762
4930 12976
1479 19299
3296 11789
6244 10126
13999 18633
1244 9531
9905 13414
13848 18405
19519 20456
4075 6938
10719 11965
13919 19525
3381 18731
3595 4394
7984 20426
500 7358
11369 14656
15129 19828
12061 15451
17791 19991
7148 18080
2695 14474
2451 17794
656 13357
18259 19423
7886 18071
5566 11628
2516 8090
18610 20222
3294 20812
16816 16867
17063 18971
5070 14657
9820 14630
685 14650
16045 20163
7743 18927
18168 19255
15772 19213
7593 16536
14836 15377
13263 13542
6687 17594
3180 10507
1341 7326
18311 19489
19249 19948
1664 15152
7563 16878
5788 13143
14044 18849
3201 16170
5810 19348
4744 9588
14028 20546
10915 18547
9529 12887
17506 20177
1341 16860
3496 18807
19482 20317
6292 16176
13558 14557
3710 16134
7292 15167
1632 16414
16474 16657
4985 7091
5587 14702
14526 20832
9591 9972
6540 9070
2783 6953
2272 12907
16806 17624
18688 20615
12485 17901
14777 15621
6612 8006
8739 13244
8745 14575
16647 18348
15449 16697
4308 13969
19365 20140
15777 19429
3408 20651
4155 7429
10813 17579
14443 18787
11933 14199
18961 20784
9977 17961
2220 6934
16697 16891
8371 20654
12636 17643
17832 20255
19405 19790
16316 16796
5237 16310
3540 15612
17448 19836
15990 18783
1515 18401
13784 16412
5332 11485
17446 19533
5122 16046
13212 14631
2482 4938
5032 18509
10126 20536
1062 10657
18676 19159
15860 20529
15197 17278
18365 18981
17156 18669
17782 20554
18017 20484
8937 19247
16792 19650
10186 14702
16782 20414
1844 15868
11718 13097
2790 9747
12299 15912
13598 14272
11609 11861
5398 18762
19841 20115
19533 19866
1750 3040
12236 18866
269 13689
1128 13920
2991 3892
2817 11157
11050 19472
7099 14113
17890 18312
19182 19633
12652 19455
12524 13411
12352 14454
2112 4076
6783 17080
2018 18218
19693 20242
7422 20594
5051 11435
3347 4309
10976 14609
17853 19035
18746 18862
10334 11353
4815 17530
18766 18792
6043 13678
6766 13885
12404 20708
581 11266
17104 18346
18383 19182
12729 20235
8992 20310
13451 17329
18870 20078
18871 19963
9766 11831
17211 20590
11601 19372
19161 20649
15369 19495
17069 17589
4576 5451
19225 20485
14966 18939
8473 19803
16215 19448
16189 17276
18522 20573
3493 4874
7332 19413
16408 17197
8612 12514
10690 18370
18853 20264
15537 18067
659 6132
11271 18354
8265 9319
5107 6949
15744 16717
15184 20911
12052 20772
5898 19253
17235 18486
8982 12658
12101 12668
9041 18474
1678 19932
18765 20112
589 18503
19628 19809
19664 19674
7992 18485
9972 16590
5128 7619
3439 8338
2539 3750
10281 16023
18727 18936
19816 20444
12641 19013
12078 13944
8029 12466
16324 20479
11374 13776
5866 15226
14392 20909
1071 16811
2039 6740
17552 19333
11771 16668
13021 19284
2212 6168
2983 16830
11433 17598
2235 17267
19556 20242
8198 19594
2034 14257
3351 11749
18606 18843
11331 16451
15964 19306
17402 20750
13507 16113
303 20507
17160 19813
7752 13385
12390 15393
7480 19043
16738 18351
19576 20092
14821 16684
17311 19866
3883 16707
14437 16735
13878 18177
11277 20558
15203 19630
10650 14268
