100
1442 1763
171 628
459 852
466 800
1915 2080
545 1627
388 2076
824 930
1182 1459
1275 1827
625 887
998 1575
322 754
1945 2032
357 1932
576 1063
1838 1842
1088 1196
1815 1864
234 487
809 1855
393 1131
1124 1946
648 1078
1805 2070
1716 1719
1013 1387
1900 2045
672 2039
281 534
441 1401
1657 1908
1771 2008
1201 2005
1130 1166
954 1084
592 1156
847 1796
556 990
1803 1998
386 1330
1359 1950
965 1265
1147 1930
1125 1970
710 1437
1974 2059
79 1441
374 1205
256 1161
515 838
1662 1810
1195 1880
922 1525
683 1282
801 1663
1713 1934
1888 2096
1768 1907
266 1668
159 501
1344 1723
1809 1943
1345 1980
532 1710
1219 1697
1288 1466
734 1371
1317 1907
355 725
869 1446
920 2022
1766 2008
1036 1416
237 1066
178 1419
1680 1858
1426 1558
655 1819
598 918
161 599
1682 2054
1195 1675
203 410
611 1968
864 1685
1061 1098
296 1912
726 962
98 1025
225 763
1686 1816
1091 1883
555 1947
564 870
695 1324
334 1836
413 1784
169 820
850 2088
