1000
9529 12509
8221 13543
3137 18948
9659 14866
2005 5005
456 6361
5653 9787
19574 19645
17850 20981
6784 9276
1703 3577
18879 19468
3909 4999
2456 11634
19035 19896
6169 11938
9509 17676
5219 10620
6190 8938
2854 18346
19489 19782
19697 20807
5500 10208
8130 10114
17993 19225
11813 20490
1335 7466
14012 19727
15263 20853
13012 13722
15625 20747
6354 13023
16546 17381
2385 4547
7124 11377
6165 11793
6248 10771
2183 12213
16162 20873
4516 5549
12019 16556
19921 20461
18331 18897
8510 13647
15832 18299
18801 18904
5278 19257
14837 17920
16378 20304
13234 13814
6873 18927
8278 20357
14552 19802
3016 3694
11379 13225
17740 20282
15830 20348
2891 14577
15453 18970
5784 12791
2923 20106
2715 13369
10930 12423
3479 9081
7269 14317
6666 19121
16202 16283
10086 10859
598 20342
3022 14400
6836 11702
12848 13458
5081 19911
10366 20930
1918 8473
2243 19305
257 16820
4656 9057
10251 11235
16395 20226
8629 16865
12084 15161
19657 20967
16395 19372
16573 16978
9410 17724
15093 17972
7451 9043
13025 17194
14893 19070
10954 16040
17615 18930
9909 13850
6878 18990
2844 13303
11700 18545
9197 16275
3754 20776
9235 18264
6759 15836
15652 19894
5388 9254
14205 18672
13081 13449
124 14636
6610 12507
1279 12814
6512 15570
11229 14449
12910 18109
15101 17702
2723 11105
10803 11265
18268 18966
7022 14651
567 20038
2144 11379
10804 16516
6059 16628
7767 13571
7906 18552
8387 17219
3991 20896
18526 20783
10944 13134
11388 19502
1703 18214
3041 18994
18205 19428
15837 19151
7898 11635
13306 16895
13356 18806
1744 20452
961 3108
12339 18519
14191 18207
10727 16094
15140 18588
16359 19828
1019 9466
1614 3799
6272 6578
18087 20414
9883 14565
5108 15762
2613 15289
5941 7102
7520 17438
16591 17357
2137 6149
497 18485
10986 19200
8415 12038
12930 19374
11372 11930
8092 9561
5891 7218
12435 13918
10237 16929
6360 15178
10337 10695
775 16156
4327 6609
6099 7089
6162 18843
11309 13069
18049 20877
237 16009
16105 19862
3356 17917
8337 8941
2492 15679
7486 19388
16954 18151
11040 13165
3798 17897
9961 13298
11254 17786
13779 20354
16024 16428
19280 20261
7604 12060
10923 13577
1066 19658
14114 16376
3474 12747
15437 19917
51 12273
6471 15316
12901 14804
7555 19129
15887 20177
3883 16025
15799 19004
15727 17697
2266 6307
7662 12605
19616 20064
9022 11063
9283 14464
18090 20335
7108 12401
10717 19633
10228 12445
16363 18770
5188 14581
13123 20453
5043 13990
5835 16301
16179 20781
6300 11151
18005 19903
6885 11664
7293 16071
6479 13572
9586 17321
6026 13613
3942 11962
14934 18228
1564 7514
14466 15967
14564 15794
11766 20853
14959 17216
8250 11920
11109 12486
13188 17522
14212 20915
3625 18822
3266 10911
12158 19714
5457 14992
968 4616
15759 16084
19067 19324
11875 14428
13467 13909
6045 16245
16806 20612
11502 18304
12084 20112
17774 20354
14831 16953
17149 20152
7130 10178
8908 9895
3539 4974
1797 18528
45 7714
19398 20595
17753 19792
9011 10416
7297 14579
10745 20910
11093 14506
5713 9938
10700 15992
1516 9712
895 8290
6796 9941
16163 16976
17980 18656
14676 15123
9625 20390
3534 9342
5707 7142
16986 17012
19453 19470
10450 12428
3195 11414
9133 11216
18917 19580
13120 14522
1870 10072
13417 14134
10014 17630
16369 16612
10983 20767
8474 13611
17703 20938
5677 13904
12034 14919
7458 7765
11070 19376
14832 16869
1329 1723
13431 20068
10618 13406
18821 20043
12607 16747
17105 19106
2433 12810
9931 15921
9114 10170
2430 8810
16301 18682
5901 7074
16727 16988
18658 19228
3700 6042
15534 16000
13946 16327
15092 19580
8720 12838
12759 16011
13385 16358
12359 17942
19769 19779
13263 15820
2873 14915
18378 19202
11632 16261
14700 15736
10047 18444
13269 14657
7013 9873
12223 18371
11951 12887
15203 19891
2705 9204
2298 15467
8548 15389
17139 18153
10765 20848
18414 20372
6202 15875
18766 19748
7676 15505
9796 11766
7072 10457
3441 10616
2151 8940
12877 16296
13851 19800
19735 20988
17675 19735
18474 19546
17006 17701
7870 19502
8299 15249
5371 11818
2795 7672
16191 17619
4437 14414
19811 20723
4091 18247
7984 10107
2352 12383
4606 6920
16942 20131
15161 19858
7196 8351
6697 18157
13185 14259
12640 18902
7051 8983
14877 15337
6585 15097
2028 16630
9112 12928
7513 16289
3757 8324
9628 16684
10968 15905
4314 16446
13016 18372
18149 19140
12868 19961
4624 7662
8822 18309
6163 6540
11496 14128
19688 20146
16671 18467
1165 11731
6609 19506
12004 12282
8279 18742
12800 17451
14823 18441
11777 14139
3103 10419
7883 19151
14139 18948
13600 13906
8664 12365
17756 20346
19923 20872
8118 17760
831 10834
123 14172
5031 13699
19392 20350
14367 15528
11303 12402
10230 13519
12427 18663
9480 15065
4250 17867
7756 12553
5671 8071
10533 17497
6214 14132
8559 13677
14875 18919
9575 17290
5672 11830
15706 19274
2934 15371
18354 19588
3600 5669
629 14236
8807 10207
13148 17552
2126 14898
19336 20774
6095 19981
9712 14847
9372 13946
12729 20042
10695 13645
12538 12880
11847 16794
12964 15110
16974 20871
5571 6752
1242 10757
19175 19475
72 8541
819 14341
4785 16373
7630 19052
16466 18812
7460 17631
7237 12171
10273 16149
8410 15633
9821 17463
7365 16776
4026 6181
16614 20406
3299 10810
6450 7420
9806 20248
7403 17705
2660 15944
8974 10984
15781 20299
6632 8532
5791 6696
10688 14081
6817 20843
18999 19090
10382 14673
100 15784
12622 20711
6147 15613
8883 17626
10636 16726
18775 19004
19662 19947
5056 19447
8590 16757
14786 17171
1445 20429
5450 15021
6891 20299
16182 16557
13658 18461
8452 10715
7596 12162
19996 20207
2510 17624
17099 18065
16695 19534
4369 11474
14823 15470
15037 16564
14161 15003
10732 15090
1296 17140
10078 15677
3218 4025
19886 20404
7631 12473
12006 12469
3910 16945
14450 20592
13755 15472
15136 18109
16787 19373
19726 20471
941 11547
15258 16087
19075 20469
13959 15544
18448 20974
2232 13431
4201 4649
18111 20892
15089 18310
11780 19972
10500 15196
13150 19579
2825 13650
1101 19648
5760 17733
19367 20635
13566 16987
18065 19771
14020 17271
13282 19647
12740 18988
15018 17697
16662 19345
5596 8963
2529 10942
6521 13239
5727 16460
18071 19590
13772 13831
7173 13453
5220 19710
9360 13113
17286 18262
2722 13333
12854 18434
4893 13706
19451 19511
16328 20941
7807 10256
930 6207
1811 15358
11858 18596
248 8257
1310 4388
9735 12197
3514 5905
15268 16001
12215 16486
18974 19591
19650 20285
15744 17959
11716 11970
6228 15728
11080 13124
17182 18531
18830 19681
18837 19717
6567 17981
12579 13670
13270 19420
3468 7875
10103 11124
12364 16437
5739 14621
13756 14759
15687 18953
15328 16038
14975 16611
10239 14939
3834 4431
17784 17805
14390 20827
2965 4202
9299 16019
7786 15935
14474 16841
3092 17952
9944 14577
3610 10663
17298 17387
4887 9943
10530 17868
11312 20448
17732 18317
1108 2476
4926 7912
1755 15474
4836 12552
2750 4474
17822 20651
19939 20562
11792 15943
16108 17324
2781 12042
18532 19860
17854 20174
13865 20660
14807 20438
3107 10150
9739 16633
9304 15347
14486 16851
9330 10630
4708 14535
9647 20757
10714 19075
1529 19284
7180 8843
13667 17963
10542 19033
10842 17844
12089 15734
767 10760
12659 18048
6842 13614
10949 18971
5446 17640
11411 17773
1406 11268
19985 20458
16592 18675
13311 20694
17127 20743
11984 20395
10004 14138
14603 16595
7782 10708
12582 16906
19204 20228
3250 6016
5759 13346
784 16324
14488 16874
5583 13169
18676 20575
3184 19684
3689 5045
5106 18303
12286 14256
2705 15604
12666 16203
2187 13475
725 14775
17850 20748
1798 12613
13023 13400
11564 16054
8694 16232
10340 16870
11355 15578
10879 13635
7951 10550
4685 14419
8879 10597
15471 20540
2032 9092
10007 12485
1830 16988
16606 17507
10858 18795
16810 20426
3840 14331
12782 18186
6989 9499
8001 11924
18529 20965
486 15421
1443 10288
75 5340
118 1586
6778 8344
6243 11545
1582 13217
3590 16578
19481 20680
7050 13764
17119 18283
13993 14367
18899 20143
17207 19414
9305 14634
16873 19728
10621 18249
7304 11474
3275 10497
1032 16341
12350 15591
16914 19211
4321 9976
11536 17832
10258 19744
12261 17716
19417 20192
14559 20308
1154 9562
2514 15531
9707 9979
12364 13356
16244 17476
5821 6248
18825 20751
14563 15603
1639 15872
7874 15360
16094 18788
499 17438
11758 12555
19492 20821
367 4771
6476 18568
2153 18808
13695 18523
7264 11753
6125 12958
11319 15841
18677 19106
10030 10765
18077 19963
15359 16542
3828 18318
8668 20672
3474 5885
15320 16334
18805 20703
17648 19180
8741 13021
12559 18799
18902 20782
17994 19379
18558 20824
12196 17938
44 19544
5755 15420
14241 16967
7567 17162
15089 20893
10501 19331
5937 13835
4587 7599
14264 16056
6528 13119
1558 7682
19503 19887
4153 10298
8747 15793
8238 20076
16901 19392
7900 8432
19502 19588
15881 20763
3558 12194
7440 14870
17243 19060
7595 13569
9914 13722
18753 19725
6632 11530
9207 13022
16269 16903
12453 17143
9546 15831
12079 17882
7348 13847
16162 19952
4019 12174
2241 20139
18035 19721
7706 20039
16867 18357
2485 11029
17707 20695
15562 16883
8129 16308
2642 5128
15564 18898
19762 20576
19355 20669
9663 12391
11719 16731
15397 17725
18391 18761
12465 12704
6306 20077
19706 20975
14756 14890
13848 14876
14918 16205
8455 14174
8877 18976
16724 20819
7815 17600
4096 4210
1110 13269
495 16451
17548 18984
19052 19701
3185 3613
14914 15558
19130 20675
2480 6310
12819 15541
19740 19970
10777 14731
16153 17809
7306 17708
13128 14003
12859 17288
9910 14222
1976 19433
19473 20664
4261 14078
7045 17749
12852 13575
2959 17848
3294 19100
13735 20207
3489 15416
3933 11817
14241 18984
12927 16082
11428 14307
4863 16009
12104 12299
14438 16847
16084 20370
1670 3237
9765 10568
15398 18802
14463 14643
8930 12522
14364 19965
11174 14143
15346 18129
4764 15487
17084 19798
5121 13640
13156 15630
8558 11551
11339 19523
3415 6719
6042 16758
1473 14221
11500 18981
2099 17002
17505 18130
2411 11341
2003 11686
9574 18813
18196 20867
6579 9250
6943 14479
2811 5002
15694 18148
16739 19442
16625 19343
1986 10081
14775 15122
9081 19764
14529 20498
14632 18314
1189 10297
14580 16622
7619 10889
10027 15916
8255 14144
11576 19633
5905 20170
16062 17994
8353 15119
12077 14442
5754 9422
6369 9861
10557 13223
846 6837
8674 14188
6532 17037
13656 18434
18585 19922
16101 20281
7434 18469
15647 17050
11255 12595
15864 20608
17715 20992
1239 8985
4457 16444
9491 19839
19736 20446
6695 19844
10374 18969
8760 16886
1098 18020
1024 16916
8275 13051
3541 13613
11726 11947
14090 17588
9109 18765
4161 16220
8674 9947
11022 19171
2729 17847
4216 17915
7177 7857
11650 20348
14544 14701
15044 18814
18641 20113
18374 20749
3704 8231
11046 15780
5284 14623
14459 15287
17420 20460
16178 18349
15836 17665
16181 19382
5931 17689
1313 11691
6110 14547
18159 20673
15731 20314
18959 19548
19247 19636
13744 19695
17332 17907
6034 20056
5846 13307
13629 20086
18214 20280
11421 12839
10058 12564
4653 16190
12315 14131
16306 17896
5137 11838
11318 13191
12488 13122
5314 11728
4421 7577
2439 14424
15994 19015
96 14190
15921 17694
7636 19069
15978 16358
2474 3546
2652 11440
5219 7807
15489 19193
3144 11228
1394 6439
5773 7145
260 1985
1519 17164
6025 12182
8002 13455
13 8251
13285 16678
13765 15580
9343 16116
8226 11228
11300 20612
16283 17033
4181 12043
12722 20162
9526 18541
15576 16986
8977 10464
15119 20280
3543 18900
9271 19800
16381 18032
14526 15477
9396 17182
18817 18867
18393 20359
10141 17593
3081 19650
10784 11302
4062 20449
5355 20905
578 1335
4542 16541
8911 10992
13635 15080
11346 16207
9652 14507
7118 16479
650 834
9548 15465
8647 9438
4863 11355
7563 20071
3829 15729
6715 18680
17003 17123
2642 9237
3944 7434
10366 15256
11440 20303
15648 20881
4839 6502
6693 6943
12331 18238
18495 20429
1652 20933
