1000
18593 18619
14238 17589
19013 19668
4334 13077
6888 15596
3461 14924
17801 20907
18720 18996
2654 7773
3750 20403
4105 5598
856 7652
12434 14129
8624 12553
7386 16945
15169 15649
17700 20534
8282 14244
11028 19013
13336 18796
18531 20881
15696 19228
11914 17040
6645 11693
18009 20828
13626 16763
9403 17231
17021 20975
10293 12408
13825 15340
450 16705
1486 12577
1462 20203
2099 16748
15710 19876
8053 8473
10154 18885
5801 20121
18929 19663
19017 20150
370 19991
10868 14192
18172 18516
9763 20753
10779 11842
6040 12974
5611 16643
7603 12840
13343 16985
11892 14784
3100 10547
19135 19730
15108 20773
2566 19095
16949 19569
19488 20859
13978 16461
19335 19449
1529 7300
11972 14624
11118 14171
15503 17666
17052 19589
3763 13078
6067 10685
10115 19884
2015 18286
12359 14828
19717 20351
13179 15543
15277 15432
2087 2328
702 8848
8286 12305
6762 8681
8378 20127
17872 19282
9190 10930
6828 20752
17520 17979
18454 18882
16631 19906
18679 20754
10756 11700
15921 15989
3082 20118
16552 18347
6569 16338
18045 19401
18567 19352
7319 12978
11370 18138
16488 20197
18368 19250
11906 17106
2575 19644
17139 18630
12313 15562
13184 14237
19764 20368
6918 15819
6535 10228
16402 20211
1622 3330
2937 17755
9696 12250
10553 12673
15347 16007
17736 20342
4039 16988
18229 20627
7521 17229
907 4558
16959 19879
18058 19589
1876 8050
14945 20694
10327 18165
12779 19371
13736 17957
15039 18079
9970 19602
4365 10501
9991 20512
19183 19849
3246 7006
9851 10100
13775 19375
6664 7673
11942 13513
17192 17349
15373 16876
4983 17606
18657 19043
15732 16249
12733 13042
12094 20757
1074 1717
12240 13662
7208 15244
1574 19375
1205 2048
5005 14195
1007 20526
3318 14224
8102 12769
8388 14866
765 4169
18649 19003
671 12586
6620 11052
12091 13921
5587 8178
9106 9435
2508 12291
3781 16763
15969 19501
2422 13470
14820 20438
19760 20019
13534 17683
17280 19864
7148 15796
9129 10399
17134 20306
995 1695
4332 11686
12883 13051
15748 20434
11714 14616
5078 12608
19293 19901
9858 11317
11157 14138
4044 15682
19589 19694
2097 10679
6354 8849
15340 20640
8632 13480
4449 17289
11078 12648
13754 16304
19972 20984
19775 19883
6346 15915
16802 19146
14695 18318
10762 17938
18093 20018
10627 13202
11855 12975
15685 16699
4302 14472
60 8845
2028 20409
9700 16458
14670 15716
19399 20920
13667 15931
2989 18425
16537 20710
12164 16329
7846 8117
490 18199
3426 3849
11981 15173
10266 19120
16876 16885
11058 16831
18757 20413
2188 4291
17351 18715
9726 15807
15110 18937
1981 8283
4574 15635
4659 18700
10821 17820
19371 20530
9997 16676
9304 16245
3367 15009
900 19072
15113 17480
8898 17348
11904 16021
3954 18910
1923 10058
10789 16407
536 16637
9770 11780
4634 14982
10796 14331
14128 20444
8124 12675
14992 15947
16909 20049
3103 16361
14918 20366
5495 16528
6268 16701
11172 17888
15739 18253
17275 18612
17419 18061
15447 19906
4328 20111
1346 11842
11311 19953
13952 18061
1665 19044
15568 15828
13565 14839
14679 19085
15908 20196
12891 15798
9360 13746
6369 17093
4717 12446
10663 20380
13751 14482
343 12597
2772 6957
5589 12312
6158 9749
893 1663
10795 20404
8861 20778
8481 14767
5013 13753
16444 16679
18879 20618
11573 18361
368 13750
19631 19946
12594 20349
16085 19558
1593 16688
5869 15974
5026 6036
1355 12340
18055 18146
15263 20491
8734 20387
6133 10415
6069 16354
16657 20135
9857 15151
15732 20077
14697 18530
16083 18873
5402 8011
13006 13605
11093 17363
6681 17961
8995 18047
15812 18640
11165 19122
13924 14950
18764 19332
9804 10525
17718 20467
11435 20184
10272 13508
17412 20224
14067 14097
13831 14258
2148 16190
17937 20837
13337 15214
15775 17903
5740 19409
16349 19419
12840 15745
3511 18892
3370 17970
10211 15540
15761 18447
14824 17216
14469 17817
67 20997
12041 18613
7480 19860
15604 21000
3315 10559
15347 19791
6390 9703
14225 19292
7716 15518
2879 4973
16582 16719
17518 19072
6902 6911
2307 3593
18414 19708
14990 18396
8201 9921
8422 9666
8151 16446
18521 19119
15356 20261
360 13292
2726 5646
5206 9134
4466 9284
8147 14470
2256 17407
10601 18864
13806 13867
1166 20220
7269 13165
1884 4761
18041 18498
16369 20533
19533 20854
7035 13275
7940 17238
3838 12679
12603 20364
11770 15290
17172 20914
11874 16990
457 9205
8802 15637
13821 16210
10396 19676
16745 19360
17826 18948
13580 18568
11119 15548
6213 20440
18423 20432
4676 19463
6558 18111
6007 13870
12464 14142
7611 18615
5783 11543
15962 18328
12757 16469
4882 7932
18589 20254
8228 16449
14196 15688
6383 17661
7231 19471
12714 14619
9758 13089
1137 2985
10531 13968
9441 15782
2255 12927
16793 17054
14896 20933
9624 11301
7506 13622
18172 18619
12223 12766
14264 18628
689 7186
10461 20714
19042 19293
13262 13910
11758 11970
9519 15464
18142 19993
16165 16725
8895 18503
1155 9561
1872 19589
19674 20959
7219 16250
1746 6863
1733 20472
13726 17852
14027 18104
17097 17272
11835 16669
16972 17989
16917 20130
1710 10578
14874 17628
13640 20425
8884 19920
1875 12506
9861 19158
5515 15737
3870 18740
3036 4565
1425 18515
16540 19025
11844 15631
3656 20430
10400 17772
18768 19340
12053 12782
19124 20408
10296 19672
2611 17163
8908 20364
4458 20306
6763 10968
16918 18933
15904 17321
4633 18566
16 3200
10768 11717
8600 12030
10438 20952
6146 19941
11351 20984
1462 8956
11264 12265
3247 9522
16416 20191
18670 20896
5713 18098
5889 20758
8343 20602
14882 18997
3284 19360
8982 10822
7357 9946
3303 17769
2672 12481
17825 19506
12973 15110
899 3285
65 14491
6376 9825
17673 20975
961 1822
16608 20352
8622 16543
1427 18783
17338 19282
10204 15729
19634 20672
18545 20783
15503 19844
17717 20551
9086 17103
18879 19055
18059 18849
266 11101
9713 16004
11280 20653
10962 16296
14365 17173
4270 11198
17886 18070
6436 18517
4949 20051
19901 20310
6918 17954
3702 9280
19002 19658
18386 20594
4814 18539
9745 11768
3438 7966
15231 18884
12307 15289
19477 19908
5626 6854
18019 18749
12452 15316
18468 19236
226 19725
17623 19815
8254 16461
4651 15173
13232 18542
5910 20453
804 18721
11919 15364
10672 11579
10766 14820
19096 20458
17795 19309
17476 17754
12326 17405
6977 20505
13349 20192
446 7584
16849 19040
4852 19056
4149 15110
16764 18327
8265 10557
18268 18388
671 2680
12415 20875
12601 18911
19139 19475
14187 20932
10269 12214
1044 14325
11313 13193
8322 19513
19282 19294
13118 19382
16916 20106
3447 3814
12580 13321
19185 19428
4088 20892
19315 20706
10036 15866
12020 17433
5212 8222
14755 16602
13529 14618
9679 14427
1161 17365
538 3515
13024 15117
9900 16173
9882 11241
958 3265
3286 7242
9605 16445
7724 16306
4359 18848
11690 14558
12475 12945
1281 4213
11459 12469
11578 13243
10079 10770
197 3666
13560 20023
11921 19128
5341 14503
1236 8235
13078 18198
1218 5589
13521 15180
7311 8514
15161 18191
6289 20938
5860 10042
13492 16991
18686 18899
12670 20006
249 6018
5436 16430
11286 14714
4831 6832
3785 10441
8200 20337
14342 19938
13302 19845
6117 19960
14197 15171
1322 1459
15575 16894
10682 13831
10226 13029
698 10452
18199 18457
11878 14658
9187 11291
3492 12115
14538 18037
3456 14403
3539 7971
5123 10510
17554 18067
3679 16159
16828 17207
13260 20629
8585 12665
5177 16809
7078 7725
15989 19260
5634 9772
3759 13388
4348 9397
10257 13720
5873 12654
15426 15432
3459 16983
985 1791
12559 19019
4155 10456
5810 14953
12604 16461
3086 16433
10224 14559
14558 18168
15386 17259
752 3750
18436 19466
11049 15872
13601 13890
10683 14492
13646 20683
6399 12278
8762 11610
729 15162
4288 19382
13753 15577
815 5133
4618 12368
2101 17436
7823 14578
12305 18608
17718 18177
18103 20632
15877 16093
11905 16261
14832 16480
6080 8647
10533 20790
6874 13709
9693 14806
2709 12818
12784 14963
16651 19429
2221 3317
14038 14763
3702 20446
19932 20023
4905 5674
7315 7725
10785 13393
7316 10673
12461 15576
14061 17072
2471 19822
8788 9674
5510 14372
12301 19797
12745 13589
1297 20633
3095 17769
12530 12688
5248 6225
2998 8302
13738 16826
13422 16411
15834 20000
6239 10316
19210 20996
4409 9586
13384 20535
1278 12006
18687 20362
15404 18263
3858 14730
6654 12717
5178 19589
3717 8558
1129 4593
18716 19096
15286 20749
9595 11130
18328 20887
14715 16643
10952 16622
12825 20066
12482 16981
17948 18949
18744 20856
8990 19606
1365 9590
3145 4770
5976 10696
2173 3695
18570 20355
8369 14897
7872 15988
3478 9426
8511 12398
13056 16887
13434 13969
15006 19977
4918 18377
8609 17613
518 2881
8130 8486
15170 16898
1792 15553
17535 18782
1475 5050
1812 3260
1376 19668
4021 12725
5112 5902
5769 13058
15818 20251
6386 11462
16494 17251
7387 8545
16413 18063
9466 14200
14070 18391
11815 13446
7287 14555
13554 15718
7435 12723
6079 12230
16848 20031
16997 18710
13731 15614
18258 20753
8247 10735
7647 20310
6813 15034
13658 14830
13612 17112
19657 20604
8073 14577
9110 12738
1753 20430
7146 18204
15282 16414
13109 14289
11826 15921
5652 7226
6764 16645
1066 3809
7896 17531
17907 20579
3940 15524
14389 15357
9804 18149
12412 16020
5154 8179
13892 17847
1954 17948
12162 19588
10736 14940
6545 13163
10133 17197
10323 10433
16895 20233
1409 10046
9133 19840
19095 20049
19970 20950
11320 20344
17876 19051
8737 9512
11875 12351
1612 8851
13986 20217
1277 8000
1486 19791
6559 12608
12668 18653
4103 17114
14252 20481
13366 13949
11426 17569
14206 20296
9554 13474
3765 6792
205 17740
5721 17769
5345 15953
5042 13295
6092 11371
590 13406
338 10516
8124 11199
18247 19680
6592 10272
9260 9881
1833 19996
17503 20507
8880 9220
8248 20141
9819 11126
7605 13007
17073 18440
19542 20304
5053 6363
11401 18296
1763 11004
19336 19479
1355 4793
2377 8479
7407 20326
12791 14098
8947 16627
7682 14962
18236 18638
6678 11724
13493 17010
14053 16224
1306 9467
9864 18408
2496 19413
7118 12434
18842 20432
12362 18819
11928 20918
6016 12309
8766 12240
11406 20481
6315 15800
15411 17639
7145 20449
17019 18463
4260 15555
10005 18411
13314 16989
1770 15961
18553 18737
13951 18035
10237 19693
1828 5650
18767 18960
13300 16349
13223 16897
4950 16183
9698 12235
2460 7681
3079 12104
9909 16876
6357 11999
4854 17364
5115 19614
547 15535
335 8385
9896 19689
18561 20101
1707 12375
10062 12526
11507 17630
2229 4869
19384 20386
4845 9783
4114 14937
5667 12189
11982 16399
10804 16901
14646 14649
18203 18738
5195 14841
12881 16035
19137 20142
9447 13730
16855 20862
5045 16195
9983 16556
17559 19948
3330 16122
2122 3283
17503 21000
9606 10210
2042 8150
5157 11750
11679 12958
9412 20561
14377 18139
5496 19981
7503 10976
3251 11334
3439 8840
16806 19546
2069 15299
13492 16932
11239 12464
15119 17469
19444 19536
4591 11815
2423 12945
6027 11122
16095 18119
6912 11448
15786 18734
19787 20282
10884 18153
9588 16824
6865 17945
11336 14840
7980 8622
3485 10570
13099 14215
10812 17851
11439 13581
4642 13763
10874 18723
5679 14338
7456 20955
3111 12190
10390 19888
12145 12919
7791 9785
5074 5506
15204 19183
17677 18563
7867 15176
6364 13128
2195 5569
12708 20119
4826 14996
15050 20352
898 9039
822 19113
10249 18319
419 9171
11016 15248
6938 14450
9782 10363
4590 6290
12189 14595
4725 20842
3389 6521
7980 20745
13120 13160
14452 19868
4424 13079
15817 17572
374 2632
14522 20741
2634 16358
6084 8822
15370 18488
18263 20329
11220 15811
10381 17816
10959 13644
6126 7078
9757 17277
12442 17284
15489 16481
9020 16679
19273 20420
4577 11333
7041 15893
1411 6545
1807 17685
9152 9737
400 2147
8340 16633
5892 6086
3459 4840
14809 18889
11918 16021
18294 20612
8901 17052
10019 19418
10894 20583
11062 16315
1969 8886
10713 16200
1086 5747
18724 20157
19373 20436
8667 18104
10160 13615
13087 15562
18954 20607
3701 10085
12479 18915
