1000
13197 19722
4706 5319
1791 16083
8281 18188
15891 17070
12364 14240
17544 17979
8745 10139
9786 9858
7042 10517
14319 17557
11180 13455
63 13993
13546 18110
906 1750
13161 16345
39 5070
4295 6036
16117 18309
4377 14624
747 7912
16615 19912
15688 20574
15376 16034
16553 16560
16460 16801
18497 19722
6197 7456
258 5560
6335 13585
7250 10242
4274 14244
17541 20981
3169 20005
15444 19718
293 5352
16088 18165
10348 19792
11256 14561
10033 13528
17885 20988
19525 20783
10788 15597
6639 20248
18756 19715
5301 19570
12741 19574
16897 20803
16000 20139
17876 18852
16869 17484
5401 13209
422 19634
15030 16053
16394 20173
2838 16800
3805 16581
6688 8801
2142 12126
13323 16136
1305 1996
9508 19494
14684 19400
11818 12673
11246 14543
9230 14230
19085 20578
7031 19783
7843 18387
10356 19339
11462 20800
13201 14582
5726 13448
5290 10370
160 3537
9039 18605
10392 10936
10888 12312
17146 18075
9583 14296
16607 17072
6494 11223
9462 12545
18908 19019
4100 9357
15871 20115
10399 18708
3565 18019
7892 10235
1133 20726
2648 4006
14795 19438
19753 19897
6050 13417
14791 16548
10395 20959
8500 17605
252 17175
16834 19601
15505 16089
16358 17004
12266 13518
9041 19164
14259 16139
18403 19647
11449 17613
10832 14334
16099 20433
17297 19118
17556 20796
14720 16816
11901 15385
19025 19430
8559 9108
7660 7683
15996 17547
2580 4533
4331 19215
422 9817
9409 15546
12690 19711
19499 20425
875 10337
13702 18280
18868 20577
5491 12340
1966 2886
14171 19891
9913 16601
1335 4967
10812 17819
7368 11723
7486 19804
17561 18679
16472 17916
105 17117
12886 18212
4931 12270
7352 18729
8408 15829
2250 6019
18525 20289
19837 20366
6399 14835
14245 20112
1102 8643
19499 20559
14230 18462
4751 5819
14007 17012
16098 18207
495 8064
7932 9032
8114 16591
18387 20110
12243 19690
4025 11430
8549 14659
11248 12186
6677 6953
13965 14268
13904 17714
7779 16454
4084 11217
9195 17210
4563 15600
10830 18543
14596 17699
6165 7213
8231 9385
7296 11535
19243 20804
3783 19100
10277 15246
4978 19942
1083 11160
3700 4227
18373 19967
10285 17476
4477 16405
14553 19784
3436 12604
3589 11517
5503 10303
5185 18979
10312 15220
712 4925
5440 17166
3335 10705
6973 9602
5697 17748
12278 18502
12666 14622
217 17987
14215 17846
16808 19623
61 1717
6551 7063
5696 20842
4757 12509
12522 15986
17007 17190
12130 18752
17878 19617
19735 19901
17022 17708
15546 15808
19689 20803
12942 16674
11570 14575
9712 10978
4319 14836
5601 7698
7757 8648
16016 19272
13861 18368
1791 17783
2362 8691
11089 19007
1499 20130
18588 19754
9207 19669
7296 8010
18774 20000
15139 15469
15063 18387
3901 11011
7396 19829
12667 17897
7143 18432
3561 5381
10869 20337
1859 6124
17785 18558
12704 17895
10114 13099
12829 17239
986 3759
13593 19130
14193 20609
11633 15703
4799 5972
19251 19367
7324 13549
13508 18815
8244 18326
3439 8784
10434 13942
7965 20137
14564 16256
13442 13862
6688 13036
8013 20777
14361 20821
16178 19859
19343 19765
4782 18062
2877 13632
13709 18790
16694 18679
10233 13974
3820 19539
8292 12123
18344 20102
16169 16830
6431 19612
9713 10228
2828 7636
12678 13669
7599 11759
10898 17051
4257 5901
4467 19050
13194 16109
11605 20972
18071 20138
1279 1524
2709 12863
8709 17565
9569 17304
15185 17443
16033 18995
3995 10358
16450 20904
19628 20418
390 792
1638 9215
644 17776
685 9204
8920 19819
8404 16297
925 6742
15159 20194
14589 20944
9251 15789
8375 18675
361 7256
6784 16363
13756 15972
7812 19394
10055 20416
9988 18646
1874 14434
8438 8470
13212 16310
12047 12356
12922 15372
2902 3806
18978 20491
6742 17660
5158 18376
8860 15732
10083 10153
7939 18997
17159 19413
2087 14556
4712 7859
7408 17667
11238 15753
10817 11369
10242 14640
316 18485
11017 13890
2260 2447
8233 12180
7707 19930
10066 12059
7400 17252
17805 18431
13093 20447
16045 19402
15435 19472
753 9686
10515 19269
7367 16020
16966 17752
11350 11755
2892 10356
8512 19090
7021 13623
5496 16953
2908 4208
11117 18528
14221 19690
4711 11552
12783 20122
5513 5772
2852 15935
10802 16085
7968 20958
7527 15949
591 17045
9594 14187
2698 18414
14512 17323
13243 17411
8422 8971
14747 19853
18558 18883
6265 10090
10494 14339
3120 4367
19675 20522
1377 4456
13093 17764
6443 13538
5730 19123
13998 20940
11087 20051
14428 17432
16001 20096
8562 17033
14047 19133
16677 20694
19981 20523
952 13647
4010 20048
10178 19265
16917 18310
1951 15269
7276 20450
16985 17477
10950 12796
14944 18532
6776 14178
3971 20326
574 2608
148 3762
6099 8565
3306 8029
1984 18033
17170 17635
16576 17197
557 15066
4883 5937
13513 15611
6863 18046
12648 15301
936 1240
9098 11183
8291 13809
9751 19539
7417 20195
1160 7718
4327 5859
244 13639
18122 19818
224 14975
16993 18040
15695 20973
1376 18101
14502 16446
19890 20147
13496 18326
8113 11423
4226 6629
10044 12301
18942 20925
9717 10387
16611 19932
3282 12148
12060 19168
16354 18116
4680 14779
19358 20825
6399 11268
9113 18893
72 11858
9812 19878
9410 13909
14567 14852
2209 10378
6063 7966
2412 8745
4616 11676
15904 17382
1888 18044
15457 16354
10039 19429
8292 10807
4197 14076
5214 5672
6071 17066
10651 20028
13937 19121
15054 19272
8075 18277
10398 14082
19571 20830
7400 7755
5080 6768
13005 13713
9009 19853
10779 14194
471 19985
2739 18035
13570 18731
4367 11514
17360 18820
4822 17038
17612 18457
8010 18644
7533 12290
16435 17779
10491 13309
9141 9381
14625 15785
18199 20740
19124 20805
18889 20798
9444 18454
1881 5497
12890 13027
4584 6864
18998 20648
18173 19833
18220 18552
7784 15044
16196 16204
3803 9133
11772 12680
13806 16131
14405 17206
19156 19359
10546 17647
17595 20963
16635 18816
12549 17499
19970 20844
18354 20454
10910 13732
1740 20128
16877 20154
16050 17605
5848 17858
943 15576
9584 13397
19884 20676
19018 19978
13126 19811
4916 14796
14838 16450
8485 9601
4999 6057
683 5008
16352 20332
6866 18099
10745 13810
9476 10104
1318 20078
1772 20505
19887 20281
2273 17668
14268 15765
10003 18187
9920 14895
5412 11227
12320 16025
13652 16166
7073 18141
4001 15553
2062 20519
7236 14693
1642 8837
11330 16845
6355 8105
10781 17593
14701 16539
14623 16897
7922 8182
11738 16356
10095 14078
16185 18567
18014 19673
10997 12611
15107 18156
11300 15686
6145 9373
15063 15390
16004 17491
8929 17490
11557 14321
19701 20924
7388 14046
9064 15978
4411 15086
11881 15301
4363 16567
11443 19782
1855 13723
17630 19501
4692 17896
4223 8057
6838 19935
3423 17306
14523 20775
8345 9038
11208 17095
18439 18995
11675 20221
18582 19895
14230 19117
16661 20849
15565 16108
6051 18765
14926 18282
3805 18365
11370 18412
15696 16768
1289 14985
4038 15031
4575 20306
19424 20055
16126 20195
7072 16417
11506 18790
2419 14727
19048 20104
5633 10815
7520 7782
10616 14451
10748 15082
18661 18895
19535 20026
5215 6479
14251 16073
8672 18160
13559 19687
17632 19619
15959 17145
14409 18356
5559 19640
8556 11712
9879 15597
3536 13961
808 4029
8833 13850
15937 20493
10576 12226
16376 17527
19348 20291
9934 14861
11313 20544
14799 18119
18491 20154
5862 18584
249 2947
490 8786
7994 14935
18386 19518
5250 11611
12125 15528
8011 15182
12370 19525
2789 18008
6732 16349
9415 20151
2468 17356
14306 15791
15960 18529
18205 18371
14335 16213
7766 14970
5971 8357
17978 18901
3915 13938
15048 19431
2960 7304
6575 14782
12545 14093
9502 19366
5039 10858
6132 17088
14454 17780
9471 10053
2979 8839
1999 17816
7281 20380
19815 20561
6549 14964
1428 13767
14501 19234
1663 9838
2589 4898
2456 7408
2914 18807
610 14443
17125 17762
12278 14445
2970 19490
19398 20288
383 5640
1203 16620
15594 16573
11275 18149
17130 18110
3529 12198
19396 20481
10634 13186
3813 6276
5702 20471
15609 18621
13994 16926
12037 19868
10224 15298
9883 12523
9678 19173
15827 17634
4975 9675
19956 20295
2447 9382
9679 18230
9183 15488
10598 18819
4983 13426
3181 17271
11968 15264
12778 15960
10901 15151
8929 8981
14330 19909
6839 20829
15786 17953
11467 20071
17267 19176
12394 16319
18399 19239
12708 16900
1290 18779
10839 12654
15842 20803
16119 20273
10139 17013
13352 20425
7650 20623
12340 15387
1144 14922
2257 20078
2681 15646
13869 19897
10783 17859
16801 18981
13266 14817
2275 20603
16941 20253
13906 15715
12372 13962
5604 11400
1716 10779
208 9907
14535 20852
13010 18041
8377 8918
12428 20325
15927 19958
10669 13582
7054 14507
15996 17301
14571 16396
1444 18983
2641 4655
2965 18564
8752 18847
82 8000
19072 20138
4315 9387
2040 14496
2322 11676
11878 16622
6497 10551
11290 18195
19866 19966
13566 18810
8634 16427
3725 11973
7412 16703
12675 17709
4504 20668
11929 17248
10166 15136
19624 20355
12823 15921
17960 17997
10815 17649
4815 16183
6811 12043
1547 15828
5142 14842
15515 19643
5530 11071
12900 13144
12682 14563
12545 17632
19226 19539
17672 20156
14791 15203
3341 18308
19341 20286
10436 20091
1212 11340
19085 19734
15095 16808
8180 17119
5263 20683
2874 14320
15916 18139
11180 17967
4550 18876
4725 11493
17730 18239
4822 19632
5151 9500
18258 19791
596 13243
5689 19251
9066 17449
18614 19693
19673 20808
19269 19382
10586 11725
3049 12772
10549 19693
2095 14213
473 1883
18211 19263
10460 10916
3857 19013
2461 15976
17785 19175
6935 11503
13045 20119
11866 12695
7215 13529
17715 17731
5394 17902
13766 14893
9616 16257
6976 10562
2580 19852
7847 9538
19052 19164
11341 14128
15897 19434
15173 20715
1997 6708
7568 14569
4392 11909
9050 11982
8625 20281
8274 18108
18137 19266
11168 13965
11556 13981
11460 17279
15838 18255
6380 20108
13142 19170
7439 20254
15905 18005
18454 19071
16117 18570
11247 16981
18948 19217
19566 20331
13105 14991
12056 14217
19641 19843
15890 19937
19844 19900
10022 15593
14679 16145
1742 19864
6468 17021
6378 12954
19279 19499
13981 20323
2749 13141
12487 18427
39 12842
1059 1603
2509 18383
9197 18536
2999 8217
3802 16287
15015 20668
509 13695
3384 15049
2416 4527
7357 8639
5689 14353
10624 19205
13270 16251
15257 19760
4321 18290
661 15987
9142 11444
4158 20246
13967 17760
5521 9037
8454 13536
17326 17486
6167 20336
11741 14263
6430 9944
4618 20633
16979 20136
9789 19244
12052 12193
9432 15717
17975 20332
10786 13684
3543 12882
5159 15725
15794 19138
7925 19363
17616 20595
19554 20487
9686 13687
16062 20736
14638 20842
1538 7662
6589 12032
8577 20119
22 12004
3667 15830
3778 18677
15530 20417
3074 9948
18741 19037
3264 15947
3246 17174
19182 19857
18772 18892
775 14554
1786 9595
17521 19191
9641 12719
11056 15812
6654 19692
3083 6501
17491 18693
19041 20882
13734 14026
2830 20680
2800 13975
16947 19406
271 656
9694 15177
10239 14103
6882 10477
19067 19707
9359 13086
13 3979
5142 13639
3623 9443
19530 19899
2966 3813
15585 16548
12773 13158
8906 14421
17005 17091
18603 18746
13910 20772
18422 19630
12312 18657
16487 20582
9344 11997
9582 18952
16459 17101
8370 18314
5121 8544
5209 19808
3163 20343
400 16216
7770 15387
10759 15333
14533 17382
7385 12723
5090 11508
16553 20019
18345 19736
17453 18441
3389 20742
9735 9970
16136 19676
98 18833
1944 10050
7611 19913
19379 19964
9245 10523
19536 19675
10971 13199
191 16350
17312 19725
18985 20795
4134 5185
9742 13456
15736 16282
14380 17496
2805 16719
8132 9176
5145 13455
19993 20991
11795 15413
19730 20430
2988 8130
5055 17674
4440 10360
4010 4984
7863 19827
17007 19265
18774 20272
7677 20350
5031 20733
1020 12390
4976 12508
14192 16291
17232 17708
13499 16536
7477 15830
16683 19656
7521 19892
9327 11475
41 10593
18010 20843
10462 14148
7361 19464
18800 19187
2269 17369
14237 20666
9373 16584
9944 14555
1556 19491
7565 14590
5979 20119
7437 16052
14527 16646
17777 20403
1969 11578
17099 19389
