100
282 1926
747 1891
735 1506
732 1834
615 2021
905 1415
450 1313
1949 2020
472 838
221 577
1110 1412
1439 1781
918 1927
1480 1572
1963 1998
1516 1651
1669 1730
990 1490
138 997
1235 1306
1628 1889
456 934
336 736
974 1371
25 808
1037 1102
525 1999
57 1637
776 1216
1552 1602
1063 1090
862 1783
1295 1542
1928 1953
1160 1450
1130 1865
1335 1802
672 1932
705 1156
306 551
926 1479
324 2081
1105 1932
1236 1595
71 1470
1187 1343
1479 1797
211 495
1200 1319
1399 1589
603 1134
443 2080
1774 2008
1828 1900
1038 1647
690 1020
146 2007
104 1553
25 1876
314 506
699 852
469 1515
1821 1915
1985 2065
14 1813
178 1008
147 1992
70 1927
1917 2057
1915 2024
482 565
652 2072
511 743
256 385
445 2057
241 1225
352 1992
1404 2009
1888 1975
114 1934
1720 1740
1774 2070
480 1361
976 2080
705 957
124 447
237 1742
138 716
1361 1928
1879 2085
745 1984
1227 2009
975 2007
513 1369
1389 1985
506 1785
154 1142
1230 1382
596 1131
942 1790
