100
699 868
1569 2072
701 2087
864 1609
603 1798
537 632
846 1141
339 1336
218 1164
1463 1603
602 1461
1236 1752
1172 1870
633 778
1923 2032
1623 2083
1630 1830
1549 1803
1790 2078
781 944
864 1630
1725 2056
581 613
647 1725
490 563
441 1064
1392 1468
769 1493
452 1437
1554 1745
1582 1811
1368 1649
556 1174
282 599
885 1251
1707 1746
1655 1803
770 1435
1306 1668
1326 1750
1974 2091
1330 1516
701 1082
5 659
517 715
1570 1788
864 1928
982 1744
1638 1900
781 1844
443 1209
1125 1869
1988 1989
1210 1262
1391 1424
1617 1853
608 1518
1308 1854
433 689
1738 1819
1407 1527
13 2045
320 791
175 1866
1386 1656
1969 2027
1842 1987
944 1091
927 1907
526 1300
470 1039
825 1176
25 1711
517 1886
1650 1800
815 1720
1416 1722
60 1504
1268 1756
576 1535
1922 2100
253 1593
1444 1462
387 2072
1437 1610
156 1138
534 1356
1858 1892
1554 1727
1345 2037
1924 2064
1366 2024
540 2087
475 1960
1563 1969
1020 1718
393 1505
1466 1781
375 1875
488 522
