100
405 1142
990 1931
1584 1983
1267 1933
732 1760
1273 1495
775 1369
947 1595
283 1704
1183 1868
479 514
1436 1465
1051 1748
885 1638
1333 1971
1615 1848
1574 1979
484 745
1411 1819
1031 1813
1177 1444
458 666
25 330
1800 1928
1853 1863
642 1721
118 1685
1773 1821
1457 1565
1405 2020
1838 2084
1693 2084
1938 2064
1818 1893
954 1997
828 1494
67 1310
29 1961
1563 1670
814 1142
1921 1955
1940 1962
378 414
491 512
616 780
406 956
1692 1954
196 334
850 2094
1166 1717
789 1065
1082 1447
208 1646
651 1446
216 1269
41 973
885 2011
1343 2099
80 2032
1674 1741
1307 1609
1957 1982
1460 1492
1447 2077
962 1781
375 713
1779 2018
1418 1937
1092 1980
1962 1970
1840 2067
498 630
1668 1918
1489 1705
910 1850
1616 2032
819 1918
1033 1158
1768 1795
1966 2053
1178 1306
306 867
330 676
1117 1800
663 1449
70 618
1674 1946
1407 1751
1405 1617
1539 1963
246 625
1566 1843
1496 1549
1233 1319
100 1839
1772 2006
636 1946
971 1697
920 1986
996 1267
