200
1003 1764
2659 2965
3606 4142
3861 3893
3794 3795
274 1695
525 1104
1460 3779
857 954
1829 3773
2536 3910
650 2586
2729 3752
3195 3824
700 1543
9 616
268 2394
2340 2562
106 1494
2067 2841
1515 4059
3072 3464
3194 3424
1695 3156
487 2708
306 2012
109 1369
3231 4072
3333 3734
318 591
1262 3833
2786 3505
1063 1292
1355 3537
2519 3456
2195 2950
1486 3521
3434 3598
3152 3316
3260 3650
1920 4072
2394 2882
3199 3971
2602 4196
957 2305
1478 3279
554 3549
1753 3652
1885 2242
2450 2834
3433 4096
1299 1799
905 2839
1795 3242
3444 3778
1730 2965
1347 4164
554 1164
2234 2489
3790 4181
891 4079
1296 3536
3868 4007
2536 4191
3838 4141
2969 3792
3748 4120
3451 3917
776 1317
3538 3954
659 864
1545 2759
1855 3767
639 1886
3631 4004
2543 3284
2726 3712
893 4181
693 1389
1086 3472
1525 2504
3464 4072
3525 3577
209 2150
207 627
797 1397
899 4171
3704 3827
3295 4198
3902 4176
2662 3567
312 2790
3146 3973
3484 4148
2416 3943
2252 3463
3907 4143
3245 3641
2117 3711
2427 3841
2337 3731
3779 3865
1218 3838
2825 3148
1484 3930
3230 4120
438 483
2822 4145
3815 3827
3553 3810
592 3138
2600 2614
799 2994
233 3533
2977 4168
476 3121
531 3707
1512 3469
1564 3689
1556 3403
3225 4149
2780 3635
1961 2562
862 2029
3693 4099
1975 2756
3158 3503
2697 3739
2211 3022
2309 2372
3779 4024
3117 3906
2393 2843
3674 4193
2436 3951
3962 4070
883 2861
3244 3392
423 859
741 2992
2137 3782
1773 2012
3734 3953
735 1736
855 2562
617 2971
1009 1131
1185 2207
308 3816
601 3338
82 2885
3033 3980
747 990
3211 3720
3026 4067
2331 4147
3059 4187
462 3130
1111 2868
3113 3153
2177 3345
110 3509
2683 3399
1008 2321
3897 4154
1058 1521
3803 4060
598 3153
2480 3624
2704 2798
1150 3222
1931 3789
2532 4199
2310 4093
1031 2960
823 1591
1150 3279
3530 3926
1618 2833
1077 2654
3146 4034
784 2464
1522 3434
748 4174
327 1889
3122 3996
1140 1271
3774 4030
1757 2934
2638 3929
468 1953
3553 4136
3304 3397
3452 3779
3991 4105
3234 3871
2108 2198
1097 1880
877 3287
1872 3211
