1000
17357 17393
18383 19310
17742 19689
11384 12855
7761 10621
19331 20840
1877 13944
11800 20905
14494 20489
17453 18344
6874 18981
5052 7535
5955 7775
6269 14792
17131 19126
636 4161
13121 14621
9828 15763
3633 13924
8528 10585
18508 19822
6713 9011
10209 15841
2778 16383
18136 20175
12136 16015
11609 14884
8460 12471
14376 20551
2255 17904
6239 13853
3455 20772
12166 13944
2725 13836
14555 18020
12301 20671
19761 20576
3188 19243
4028 15920
8095 18760
18327 20256
18172 18528
8668 19928
10651 14569
7869 13973
16311 20088
4667 17291
12482 20824
678 4382
7148 14111
10254 20076
13314 20350
13130 19343
2872 12620
1249 3997
6607 10477
8238 15321
8267 12221
14593 14756
12437 20916
6628 7492
18020 20032
19905 20213
1291 5425
5028 16810
5871 20986
14871 17691
15930 17219
6115 12145
13705 19899
15041 15053
1577 7302
8377 17698
5849 11025
18686 19486
13395 16882
4643 7337
5695 12863
19849 20068
16144 19255
14810 16613
5459 6230
10543 15980
2769 10788
7730 15159
7719 11691
9165 10272
7293 17994
18220 20985
6994 9083
7112 12015
15072 16241
13459 15803
17663 18258
4731 15898
15123 20687
9845 10941
7489 20588
306 17160
2043 7823
5040 8541
3932 15922
3553 19856
16597 16716
1985 11604
12766 17708
16909 20348
8871 9272
11869 20711
11925 20260
16187 19308
17212 17224
7871 17317
10485 13247
16324 19892
17640 20621
18816 19947
168 17868
17860 20003
13377 13995
12565 13714
16841 19445
16216 19385
9973 15743
10505 19213
7621 14076
9287 12269
8075 13834
1503 6206
4654 13880
18795 20114
9756 11518
5731 5907
16571 20996
12645 13960
10364 12967
17755 19941
18613 19921
12241 18257
12877 13797
19198 20773
629 9690
5341 18969
14165 15200
10505 12860
11359 12567
14893 17888
7170 8658
15377 20810
731 13102
2099 20084
1446 11514
17348 19533
7227 17704
1454 6926
6077 9680
16154 18233
18965 20714
18591 20107
16724 17466
6697 9083
7777 8861
10648 12169
5632 17313
9915 14926
15020 20200
9732 10422
670 17950
11316 20179
103 12155
17241 20182
12490 19953
3341 20241
18869 19603
12805 18332
9820 14417
14765 18568
19907 20526
8904 19166
15584 17311
12695 16732
17441 17528
3528 18182
9324 10770
7184 9092
12732 20735
13005 17309
17790 20915
1318 10516
13162 20537
7762 13048
5057 7230
16853 17548
12277 18496
18109 20295
12384 16204
14234 16618
19161 20954
13198 14832
6700 8104
19192 19462
3550 9104
16525 18409
1268 13299
7991 12166
1071 13193
2715 12569
6249 7774
9255 12566
8718 17522
5243 10664
8516 11248
18708 20863
18799 18873
9416 17679
229 14743
14419 17836
11488 18527
16065 19938
15405 15816
12697 13886
5969 6575
2196 20164
12515 19879
11333 20028
3696 18115
14409 20602
6049 16075
5868 14082
11856 19058
16377 17247
13260 15764
13592 18021
6775 14371
13508 19152
1491 18009
7170 10995
3580 6002
17324 17935
15260 15261
10643 12521
2214 17699
19349 20542
15340 16620
6786 15127
5188 17517
14787 20683
16595 19668
6650 9863
14828 19448
19561 20225
11709 12635
19493 19921
17129 20591
3077 7294
18432 18849
16401 20075
19340 20432
5763 9728
3084 16622
2792 13056
8250 15728
2244 20730
73 17239
13198 15542
3545 11871
2448 11380
12738 19794
17958 18749
9767 16053
5625 16873
4215 15117
15782 17505
1445 19554
3535 4961
19202 20561
14559 18587
16805 20366
18316 19333
13436 19196
8328 12002
6210 19959
2147 3160
14457 16118
9508 9872
495 4998
985 15419
18258 19201
13240 14682
836 15415
9660 12664
14356 16789
6698 8113
13936 19288
7817 12599
6665 17968
5737 10427
12228 16901
15119 18534
16766 17321
9721 12129
6235 13924
9346 17297
9240 10216
10837 13844
2356 12242
10549 12485
10365 17697
11187 18855
10309 12535
3021 14316
13420 16266
14058 18976
17849 18607
10001 18679
1604 18818
8032 14100
8335 10112
18518 19501
9263 20634
16888 20278
1130 6778
1194 3290
1682 16937
4430 12662
12071 20201
7670 18253
9420 15143
483 14796
5310 9070
15670 19810
5772 6934
17052 17080
2525 10237
19686 20237
8197 20337
10859 13094
4714 19710
3769 4462
7057 17013
5620 5940
7139 19847
14909 16899
12168 15967
19238 20602
14929 19783
8440 16030
10435 15535
12699 17983
6337 13329
17636 18548
16842 20193
4242 6988
14982 17618
12514 20315
6909 10991
18268 20692
4580 20527
3740 5709
1437 8450
19643 20632
9742 20157
13274 16357
13607 20414
6495 12766
19371 20126
12651 14743
7705 12363
9891 15123
4036 7072
2467 18914
15877 18233
6386 16691
3515 17362
18505 20045
4535 18747
16790 17202
9658 10121
19981 20010
8347 9206
16249 18568
15588 18754
2836 12270
3967 7094
18738 19600
6291 8500
2265 17205
15341 20861
2433 7367
12235 12958
12774 18408
1938 6935
6785 8241
3366 20990
3543 8473
7290 16261
11733 12314
16570 19864
9587 14414
8888 16205
12182 17133
16741 17921
13440 15823
15074 15423
1516 16885
14375 19510
6916 17680
17877 18052
9210 20355
12424 13224
4109 14502
81 19021
6599 7044
16659 18511
2325 9774
3700 7343
7257 8135
19603 20024
8218 8463
5582 7501
11981 12994
5336 14856
17970 18762
3424 13722
19880 20902
9255 17046
5545 19199
8466 9012
14327 18409
9649 11569
16619 20333
750 12260
987 15851
10731 20578
16056 20048
13932 16265
15444 19719
10401 12989
16976 18662
12644 19154
5573 11036
9790 14514
15763 17348
4049 14772
2103 9232
14428 15919
8478 17453
12556 19179
8083 15895
14436 17990
10877 19559
2245 19525
3274 15586
18035 18264
17976 20726
16688 19345
8771 13157
3014 3500
10303 16485
942 1255
12030 17259
11525 16039
2230 12378
4450 14538
5399 6125
17279 18446
5061 12073
14005 14719
4688 6719
4916 16920
11101 15821
14828 15246
1933 17897
18043 19601
18276 19303
18991 20885
11649 11689
18820 20591
5899 12822
15262 17435
7989 15297
12129 19617
692 20307
7213 20515
1996 18452
15565 16999
10281 13193
10399 13388
12117 16401
3077 11675
8412 10489
6025 19552
15865 16278
11939 16773
17483 20631
10409 19300
15500 16459
10621 16632
1825 2603
9618 18246
4045 7490
13598 14726
5525 7636
4162 19699
6595 6640
10955 19474
3957 12193
11335 13558
15047 19536
8774 19181
10439 19604
9389 19127
1072 4886
19642 20066
10882 16033
17128 18758
130 19259
16573 16996
11452 16158
8868 20340
5530 7098
11191 16602
11897 19231
16341 20189
15600 18929
7745 12554
8896 11126
9023 12647
9497 9853
4565 17785
15612 16399
18751 19983
4186 16603
10137 11907
5240 17970
12718 15273
16839 17249
10311 16997
2563 3048
5749 6776
4684 19718
17056 18501
6822 13332
7507 12103
13899 18728
16314 19757
12426 13006
5038 7543
7800 17752
12314 20778
9910 11745
17435 18650
16766 20898
6022 17286
7420 16148
16517 18451
6249 13619
15673 18235
361 16412
734 11321
8640 16500
2901 14621
9445 10632
15216 18803
9090 13141
6484 16592
9436 16527
12894 20365
19289 20179
4874 14567
2132 3907
99 13540
12275 14479
3549 8897
11322 15152
491 937
14196 15255
1408 17842
1684 8195
11788 12217
12114 17540
10294 18001
9195 15696
12215 19560
2461 4755
7521 11097
4848 17850
17423 20791
2537 11733
7088 16245
18367 20544
14175 15351
8806 18513
13169 13604
11086 12626
1381 9777
1467 15320
16713 19312
17214 20620
12514 14008
19013 19850
18203 20761
5579 15268
11327 20847
6816 12720
17474 20155
7417 12885
18768 18832
12091 14706
3289 9852
17259 19252
6781 14163
7008 17765
16838 19020
4816 12303
3328 6812
1845 19057
1643 13530
9680 16211
9974 19861
2274 20322
16323 19115
5182 7482
2648 3198
7559 15364
16050 18945
7899 13429
16401 16947
14698 18372
18983 20460
8668 19170
12735 13877
15564 18384
12353 19175
6684 12361
9330 14784
18815 20018
18760 20507
19632 20155
13565 13955
19928 20305
17978 18743
6663 14194
10380 18953
18363 19414
12842 14389
9685 14017
123 17067
15578 17938
10310 18731
19907 20165
8514 14221
19604 20929
16962 18003
10314 12038
18459 20889
16811 18158
12951 15813
12667 20001
3684 19779
15155 18416
18919 19727
18155 20942
7885 18827
16852 17706
17974 20898
8699 11750
14472 16035
11512 18247
6642 12002
12484 19629
6004 10310
18629 20629
10907 13024
9815 19699
2191 7001
10248 18860
17009 19572
9599 14453
10633 12486
1215 3613
16883 20439
1143 2399
8303 20997
18655 18676
9709 20886
10402 17464
14391 14570
18232 18871
11220 14450
16471 18454
13167 19023
1561 7867
6276 7965
9809 10477
9625 19428
4136 10463
17473 20602
17574 20548
19305 19984
8310 17023
14017 14496
5044 13559
17894 20422
18941 19573
5095 7437
14405 19730
3806 18525
11283 14327
15577 16967
13364 18947
3733 12230
9733 10262
15295 17909
5214 7787
6195 7398
2680 8387
3007 3675
11552 19104
11995 14865
18458 20248
13471 19637
4002 15010
13854 17025
13567 17408
4443 14540
17104 18970
12514 15770
18619 19743
1658 17672
10245 16762
9780 19496
14067 19794
16585 19578
3214 20165
15413 18552
13572 19975
12198 13225
11984 17453
22 10376
4981 8405
17437 18719
14255 18402
14244 19055
18297 19032
15501 18188
7960 17193
17817 18347
11671 18879
14770 19681
7753 8451
15563 20261
11470 15907
10460 12858
5317 18506
5060 14105
2017 6722
13593 20309
14007 19258
17449 20057
3520 17671
7004 20077
12916 17668
18947 20560
12660 15589
3067 8405
6618 12181
16786 17373
7643 10489
3612 12136
16972 19451
5406 6566
8173 17728
17938 20463
3569 8112
18670 20127
16693 20664
5038 5728
15882 17475
17632 19888
6138 19030
5965 10800
15886 20596
15913 20768
19424 20324
4387 19384
19838 20645
19491 20462
5361 6017
13798 18326
868 14362
15933 19034
14017 14568
9212 15644
141 6108
17848 20744
16608 18194
8204 18744
4130 13307
12094 15872
4028 9160
2161 15095
3308 12851
1764 16339
5753 12609
2893 15010
5969 15072
15033 18576
11060 12244
3812 9002
11062 14314
10379 15653
10103 13937
14878 15090
6828 10042
3896 17954
10071 10178
10119 17515
1241 1911
18587 18959
2113 13407
8471 12832
2487 17506
12666 18783
10061 16875
4628 13966
18232 18994
7436 11775
9535 13820
18228 19447
2763 11665
1737 19330
14044 15558
1491 20735
11957 20045
6920 17026
14559 17969
9982 18979
9717 19347
8658 20215
14325 20464
1076 7692
16655 17942
3092 5026
17023 17258
18289 18604
11027 17126
13064 14833
8197 10485
8755 11561
17436 20831
12921 16373
14960 19114
12496 16224
15236 20130
14815 19241
13726 20683
7436 16076
12351 19582
11595 18614
16086 18186
18102 18869
9473 18922
18566 20886
16235 20232
3818 14764
15796 16217
19555 20963
9326 19387
8353 19446
4181 10478
15976 19774
12205 14190
10372 14237
14232 17781
3988 16826
1205 13169
8675 10294
1842 5222
2624 11524
19717 20436
9370 17096
18851 20461
2759 6289
4636 15531
6341 10360
14242 14737
16366 18973
7951 11646
15150 19020
6524 9998
3935 15017
11483 19840
13317 16482
19506 20649
8203 12708
16700 17270
12606 20403
13786 18809
19580 20941
709 10935
5268 8915
15246 20583
802 3629
6180 16479
1472 10228
6337 7584
8019 11432
11347 20626
9756 11472
17825 18188
19493 20658
3258 11719
10825 16145
11709 14236
14490 16353
8491 18432
18350 19710
7744 14865
3255 16152
18618 18719
8654 13691
8783 15764
11432 20780
18999 20219
15313 15524
5999 13908
11871 18491
14852 18493
16120 19580
7066 18157
46 11974
11820 19218
13429 20329
6501 20072
2844 19586
16589 17673
1086 9667
13225 17338
6809 10411
9281 13147
17478 19732
5135 11337
18651 19885
4869 17210
7720 9281
549 3527
19027 19127
6268 6782
10533 13865
4954 10703
5021 11445
8533 20619
18931 19768
13273 13872
14960 17326
18807 19220
14745 20560
18932 19207
14211 15487
16408 17031
18186 20642
9914 12968
15382 17126
18466 18569
12778 16967
8703 19128
16644 17669
5373 19823
17728 18651
14977 18075
16905 19932
16673 20363
14861 17971
8305 11845
11966 18824
5747 12878
7008 13535
7502 9453
19725 19758
18458 20939
18438 19784
13838 17530
19697 20886
10257 16074
18261 18765
12001 14645
8633 17540
9 8027
2526 9280
10339 20685
2960 17905
15833 17938
206 9710
5342 17650
19261 20544
808 13538
12730 17477
1696 19944
12039 19829
