100
1330 1911
1660 1759
902 1422
357 1091
484 676
1686 1968
1327 1831
1018 1192
489 1912
1816 1937
1726 1946
1789 1887
950 1504
558 1416
1966 2078
1637 1849
1702 1764
897 2000
299 2042
1496 1558
715 1118
1473 1972
1134 1537
1852 1882
1249 1437
1905 1978
389 1059
1343 1935
161 1846
1038 2098
675 1016
739 880
840 1427
1831 1903
856 1323
1345 1490
1396 1528
794 1231
381 1422
1213 1845
1284 1818
1023 1271
805 2035
81 371
554 1212
5 1997
971 1130
541 1908
1290 1406
1930 2031
908 2075
806 1226
1201 1315
471 2012
1727 1742
1494 1526
905 1557
693 2016
1203 1829
253 764
251 1736
494 552
838 1867
904 1097
766 1754
1116 1409
1869 2080
487 713
1639 1690
1921 1937
1544 1735
1583 1821
267 545
513 608
1974 2036
359 468
309 1795
1075 1452
170 1512
1658 2048
1291 1725
1772 1979
1429 1947
1729 1831
1228 1297
971 1590
965 1029
1841 1885
831 1994
1206 1785
68 1585
912 1460
1353 1674
159 1006
291 1079
543 1026
503 1438
1465 1475
1232 1602
1975 2088
