100
698 1444
1720 1763
336 2061
724 1041
1946 2048
1540 2038
1592 1613
665 1138
1153 1561
50 1991
40 435
1877 1997
1156 2085
1145 1161
721 1078
891 1847
341 1887
328 596
1444 1692
706 1679
1957 1973
263 520
936 1493
481 1329
314 1397
475 1923
1735 1956
519 1470
361 375
1127 1328
1522 1840
1136 1263
1137 2049
747 1267
1923 2082
1031 1670
1996 2080
49 1846
1452 2070
733 1951
356 1391
1361 1623
234 1406
1154 1817
1523 1978
800 1295
1380 1654
1687 1828
1067 1663
271 1182
1752 1998
853 1408
1019 2019
82 455
554 1636
402 472
1336 1891
301 533
112 685
1636 1796
1612 1623
330 1839
1554 2090
86 1240
409 1433
1845 1952
1444 1598
434 899
1791 1850
1391 2027
1312 1828
1549 1629
1868 1878
187 540
785 1532
940 1716
801 1233
334 1792
214 423
1747 2090
1958 2014
231 1284
1786 1823
80 1633
237 948
1983 2100
1701 1789
1942 2093
1491 1888
1110 2089
1816 1880
1614 1806
692 1839
1675 1757
58 1956
43 1851
64 236
1065 1199
257 1439
1140 1938
