200
3569 3982
2194 3673
2603 3240
1541 2815
495 1935
3900 3962
1499 2296
864 3507
1841 2043
2102 3520
3699 4188
1305 3015
2396 4003
1944 2355
1528 1833
2819 3562
221 2595
572 903
704 2057
2220 2921
664 2077
1476 4128
3363 3794
612 3743
2622 2789
473 2507
760 1765
3019 4062
1237 4099
207 2949
1557 4111
2036 2359
1944 2482
3681 3986
692 2141
2828 3223
2231 2684
3737 3964
3585 3884
3870 3944
1381 2858
1312 2341
1087 3807
3348 4172
3437 3921
528 3801
289 516
172 351
962 2633
114 4176
3345 3984
889 3274
1126 3781
1043 1204
1126 1465
241 3259
1869 3555
2083 3983
3531 3715
2507 3872
899 1852
2295 2662
480 1029
1654 3615
2652 3200
2008 2903
2726 3047
675 3891
3668 4160
2110 3364
1377 2687
3595 4089
1786 2821
3620 4045
3316 3661
2106 2766
59 434
3861 3903
3785 4017
128 3662
1160 4163
2908 2938
3445 3645
172 2784
2473 3917
3292 3930
3954 4134
3799 4136
606 2612
3019 3060
3643 4095
2703 2716
896 3933
3498 4137
2574 2763
1900 3456
3729 3886
2070 3038
3370 3930
1656 4178
2958 3826
1126 2917
3340 3516
359 4048
769 3997
1236 2269
135 4055
3923 4052
926 1568
3148 3391
2694 3634
3772 3939
2947 3051
3818 3864
2685 3428
2219 2563
1103 3277
3118 3541
3586 4105
2364 3576
2611 2972
2374 3705
973 1202
2339 2985
2595 4176
1039 1941
3920 3936
3916 4166
980 1097
463 3138
563 4098
3483 4186
2359 3674
3602 3612
769 1286
2417 3926
1022 4083
2009 2538
2305 2874
1462 2788
2931 3445
450 666
3487 4120
1853 4164
3906 4172
539 3866
656 3633
1416 2482
1055 2768
3597 3755
2753 2764
1915 3483
1240 3573
2922 3180
1864 4185
1233 3326
1656 2957
1540 1568
2231 2387
3783 3906
1339 2201
3676 4086
1085 1359
1216 3168
1055 3914
1406 1822
3668 3790
3832 4179
3209 4065
1536 2162
1091 1401
476 664
3661 4012
2399 3366
2568 3005
48 1754
3818 4028
1683 3700
2249 2741
1622 2537
2593 3664
10 4024
2123 2173
3371 3936
2527 3276
1892 3792
1192 2827
1138 3891
264 3599
97 3192
1703 3683
1214 1820
3137 4010
3238 3486
1819 3380
1734 3423
1968 4000
717 3177
2892 3135
2203 4139
