1000
10676 20756
2038 17148
19287 20504
12988 19594
1892 3925
5433 18036
13103 20675
5993 10900
4378 16596
7416 16515
6531 11410
11565 12358
18958 20647
14404 20680
16261 19502
1895 19275
7651 15185
13437 14765
15888 18990
12119 12350
3990 19209
19303 19411
10181 20656
6506 14937
4136 5332
4866 14179
3066 18934
13675 17477
5591 18815
15541 18538
5072 13222
14430 15424
7455 8538
17515 18228
19557 19768
2206 7432
1742 3919
7673 16109
10689 18872
9444 16596
6896 8091
2418 20556
15242 16402
10600 13877
2603 13566
11497 17631
2986 13714
5364 8749
711 4701
9615 17668
6619 17346
17344 19259
6471 16936
16920 18339
7831 16931
3150 20107
3056 7258
2152 15439
17190 18315
8255 8494
4544 18585
15275 17864
3377 13894
14467 18910
1622 17689
10042 14199
19086 20520
4023 12132
12515 17924
4607 13519
6367 10750
10772 13386
741 14173
12981 14366
10574 20972
12625 18026
5708 15806
15512 19669
8194 12460
16866 20592
18278 20560
14029 16721
3430 18243
18510 20931
12618 13788
17060 18964
2764 17077
17546 20857
3700 19889
8295 10604
11360 20111
2039 9713
6466 13221
7145 9798
18995 20859
19673 20922
9749 10817
2241 8189
3912 6347
18258 19067
3998 12463
4316 13769
4298 17843
5446 16633
19790 20630
19295 20561
10060 10828
11495 20430
947 6787
253 12503
1215 3670
14994 15784
14225 18805
4600 20276
9801 14615
507 9423
14747 16731
13483 14124
15050 20849
11163 17091
12764 16204
12714 13397
6017 20326
7651 16530
19042 19956
2777 7242
19277 20671
16920 19838
10799 16937
15156 19818
19257 20456
19781 20133
18915 19618
4999 15903
19664 20462
9113 17757
15945 18676
1281 9968
3689 7005
18954 20343
11681 12597
9973 12670
12081 14534
11684 18040
5236 17939
8159 9312
17251 17682
11427 14247
5082 8643
12474 17122
8262 10060
8104 12367
2866 4701
6744 18552
15628 17032
7895 10229
2591 20747
10698 16339
17009 17686
9505 9773
10598 18483
8493 9044
17 4602
15790 20867
13023 18995
16627 20676
5939 10518
16501 17082
16103 19115
3680 11190
18532 19732
16895 18623
3384 12561
5838 12470
5709 18551
5316 12573
2085 13779
5514 20460
11437 18506
9033 15880
741 15360
3037 6506
17600 20879
4981 6665
7696 17495
8712 19785
9081 12811
5890 10169
16303 20234
941 8896
19681 20923
11044 15809
13475 18318
12440 16481
8444 9045
12602 14503
9232 11904
4582 8763
12582 14606
17632 20809
12372 13890
13209 20147
10564 15853
12225 15683
13062 13237
8917 18733
14553 19204
14861 17641
13833 16436
9577 20755
3206 8815
14731 16311
17475 20390
6437 13850
14539 15480
7445 16981
10330 17988
8628 13029
878 3479
10122 16553
3688 10374
1400 15180
17749 19744
4717 15480
3364 12296
17353 20048
8605 12787
10846 13973
7936 19210
5325 18745
11632 13117
8484 20585
12801 20387
2456 9766
12484 19373
3193 14602
19740 20422
4854 20080
17574 17835
2936 5466
9434 20842
13623 20174
8525 10804
3548 3932
10009 18796
19687 20143
4333 6076
10251 18267
11592 13214
2138 14799
7969 11253
9277 9736
12523 13581
2623 16613
17631 20343
8811 20356
8693 18726
3206 8232
19369 20806
11900 15467
6550 18397
12580 17550
14482 15393
3728 5397
5548 8863
10618 17836
3953 7858
8009 15381
19132 20519
19810 20806
46 8490
6575 12682
6073 15172
10222 19417
5043 14270
3540 10158
1264 10500
11306 17627
1814 13883
12318 17143
16447 19015
9243 12914
888 11777
5559 17777
18479 20223
7575 17838
9697 18345
16224 18719
8229 14352
7225 18235
2605 14280
2279 7407
4153 11668
5738 17368
15655 17463
7975 14890
16825 17314
10417 12248
15256 16034
19908 20309
12863 18570
15576 16245
4356 4821
106 2601
11296 12602
3330 4942
11873 17806
3038 6708
11743 13099
5611 13518
7456 12485
11109 11461
14580 20795
17241 17534
8891 13073
1608 5170
16345 20868
11551 14276
2916 6484
19950 20100
6721 18851
15526 19804
2804 5115
3228 9939
3771 6899
6160 15958
13067 20645
19306 20863
8840 19437
3001 12823
15369 19479
5378 5468
9901 10583
11482 17231
16091 19466
15064 16448
12183 17347
11161 19145
8912 12448
6577 13012
4486 17622
1420 8798
4052 7549
1485 11283
15418 18367
8274 11806
18546 19383
9064 15863
5086 10512
10445 15699
18541 20400
1651 9082
17024 20939
7776 12991
13299 13534
299 8741
10469 13886
11118 20501
3535 13211
10861 16143
9658 18947
13708 19450
2091 13146
3860 5284
17437 20698
10961 15143
19791 20200
4092 11366
3000 13294
2428 8656
2255 10733
7517 16212
19472 20322
9223 12998
1344 17821
5100 15967
7992 10681
10998 14167
11705 12674
16151 19329
1025 15520
12040 14051
255 10640
8258 20226
12759 17478
4117 11502
13898 19134
12647 12884
19429 20807
14192 15266
16564 18786
4157 5277
11962 14306
5731 8284
8253 17116
12533 20894
11196 11936
11819 12710
4674 14846
11477 18473
10499 19914
4568 14683
1649 11762
15535 17995
51 14984
8938 18598
10057 10642
4200 7080
4658 8964
7205 11359
9253 12635
9641 18915
3331 17862
17717 19271
15326 15543
15751 17653
15938 17515
9245 10873
10217 12230
1370 13906
8379 10468
4604 18393
8156 13320
6578 10986
12400 13904
3370 8189
2174 17455
8106 16549
14787 15259
16202 17676
348 16381
7915 9591
12811 15525
913 7745
5436 12805
11416 14470
1953 4113
6356 14387
19181 19582
19734 19842
17914 18478
14069 16513
15273 20181
5802 20583
496 4945
14077 14108
6264 16636
17860 17915
16270 18415
6052 19396
18686 20629
18205 18705
2606 7511
9321 18422
11191 14840
10641 17247
14058 18618
10770 20752
11538 18804
15597 20712
4023 19162
4883 13617
4398 14119
12822 19900
1237 4060
2024 20016
14218 15395
13898 20897
18892 20689
3094 14811
1349 15119
14357 15584
9173 19418
4446 15413
8422 16298
9562 16216
7158 20909
18906 19468
3611 5826
2971 18640
3745 6995
13213 18492
16880 20611
15181 16589
19194 20576
18191 19036
1673 9322
12927 14352
6835 12769
13324 15934
6164 13560
15036 16184
12620 13930
9167 18759
9440 14291
15993 18018
15637 16084
849 13126
5830 7125
18330 20576
17194 18233
7387 17212
7190 18404
9047 11081
17981 19679
3372 20423
9585 12049
16849 18150
13799 20199
7783 8349
19217 20078
19973 20931
16108 20602
15091 19401
17001 20089
7131 20176
2397 19166
6551 11363
10480 16617
13986 16999
8393 13335
2443 16672
17014 17830
17579 20062
17018 20798
5841 13757
4759 7674
5808 19555
19647 20713
7150 16988
19150 19815
8744 20514
1828 20850
12479 17019
1445 6271
11259 18743
1856 4425
19373 20233
6452 20403
4089 20754
11657 20112
8313 20723
10028 13964
12943 12996
18949 19332
7081 11647
19700 20662
13247 20819
10945 20536
8772 10433
10574 13811
9451 13792
7986 10282
11956 14247
19390 20040
6279 18917
5476 20568
3910 15491
18346 19856
5102 20404
5939 17142
13824 15041
19255 20241
1070 8038
13520 14834
17103 17363
16352 19807
1505 18611
4190 17156
11660 11970
14498 18284
18116 18164
5028 10478
6579 10780
7858 20935
7836 8215
19582 19771
3792 4434
13722 20463
11454 12534
16272 18966
17239 20611
11555 15973
17249 19220
16142 18163
4257 4463
4968 17042
9932 14147
3490 5701
16504 17293
8722 9729
6040 11597
7149 7685
19405 19707
17093 20958
12064 13517
11145 15222
12819 14074
77 13846
2601 4402
15784 18297
2564 5785
9185 20479
5383 9156
4790 4937
11038 13883
7490 10409
12035 19518
10095 19407
17836 18275
9359 9928
2610 14483
11421 18516
4919 5535
14549 15525
18747 18792
13983 14242
1784 10646
19839 20204
955 14540
6689 12343
11080 12866
5909 18244
4558 13976
15072 17313
3048 6210
4467 7635
7792 11569
1028 17448
16565 16857
2547 11592
19230 20382
13951 18827
9696 18725
13650 17972
16873 18864
3077 12258
16576 17106
4746 17650
10674 18962
4491 7340
17321 19290
7497 9853
1640 16014
12702 15596
9204 20844
19003 20035
7323 19956
9994 16205
4443 10637
19267 19914
15878 19513
10517 14927
2281 16488
4672 6974
12315 14650
13989 18215
17785 18288
5743 11487
5928 17795
13964 18717
7557 9232
11892 16335
17760 20073
18015 18652
7429 17480
17925 18032
14095 18153
15801 20680
4006 9184
17883 17931
1487 10414
441 9906
8173 10548
19102 20347
2230 8695
14403 20276
7386 17611
16216 20424
6521 18439
18439 20857
735 12226
7932 18673
11335 19500
12980 13696
10338 12714
16444 20858
19050 20491
604 16444
4427 19895
4825 7518
2660 6528
5742 20025
7003 17484
1906 17024
12186 20092
19483 19557
12394 19694
10458 18976
6310 13535
16443 19199
11809 12050
10154 19523
18246 19774
9875 11942
7654 18558
12913 17484
1667 6438
7213 11261
16324 16566
13608 18561
188 6039
15756 15819
2675 20727
6010 8272
12900 14486
18839 19080
13153 16776
14466 16624
10308 11969
14113 16089
5522 7679
3337 17886
12387 12928
12645 16628
6895 13261
886 12655
1028 4122
19727 20709
128 4252
16200 16225
18529 19674
11269 18930
18435 19365
5583 15303
2078 15015
3599 19008
19330 19778
10328 10867
7182 9166
14968 18987
1780 16911
12586 19164
9340 10857
12660 17525
11536 18153
14312 16165
5995 7008
19174 20822
17807 19401
5999 11017
19663 19934
3276 16839
3086 3404
18520 19371
11813 17443
9686 11596
13511 19499
14688 20972
8989 14314
14768 21000
4156 13690
1162 1364
5425 7013
7014 13195
11005 11868
9738 11961
16916 18882
7146 17076
324 10560
5458 14001
17457 19773
17142 20668
8266 16975
15933 19946
4678 13827
4962 7230
9440 20276
9665 16888
5811 9310
9494 13001
11908 15367
11703 14031
16995 17669
12502 17965
17369 20367
18181 18636
15765 16215
4572 7035
5349 12756
18885 19405
5567 6338
14373 16010
13181 18325
9204 10719
6147 9039
18582 19920
14428 20929
14703 19968
2275 8786
14667 16166
79 14769
16431 20658
12882 18439
2694 13552
12645 15583
8203 10381
5103 11466
11802 17419
6560 9863
17294 19321
13034 18403
16274 18179
2864 3910
6438 14633
1332 20929
13472 18426
11829 13294
12834 13974
4004 19409
15463 16535
2279 4038
630 16203
3576 16828
9153 11166
11952 19756
1205 2459
1361 17795
6684 19905
629 10423
12518 19386
199 13366
9453 19430
18996 20572
9018 13489
7093 13902
11849 12379
5852 12779
12982 16836
853 3216
18116 18551
17753 20240
12104 14605
6130 16741
16182 19646
10105 15453
682 15964
17121 19909
18990 20533
6125 14501
5780 7013
12229 14110
18485 18534
715 17574
6567 18070
1490 18339
15020 19641
15151 16635
16560 18329
3832 9090
4425 19796
10513 13941
10970 16812
10228 20942
16762 19654
14285 17366
3265 8939
14018 17100
1039 4320
18184 18964
1614 7300
267 9859
16367 17826
12129 13928
1138 4381
17391 19263
3917 5377
5403 14110
2560 12153
12531 17504
6438 10105
19832 20812
19747 20441
12460 16701
3038 17970
4674 13061
5445 8439
3630 11692
16825 20356
11972 15673
8532 9599
441 9999
3186 20371
3420 12941
634 18217
11475 15789
3200 17065
19296 19851
595 9388
121 20234
5669 17065
17680 18494
14969 19969
3042 19281
1091 19004
4368 11959
3007 11740
12010 15669
5452 10481
2725 19775
17123 20326
1791 16166
4504 8078
10277 10502
19878 20691
14321 15515
3872 5323
777 12007
12905 16490
8745 11515
5979 12204
9824 15082
5326 8275
3133 8271
10183 13392
7416 20126
19925 20778
7384 19438
136 5893
7700 17503
50 5099
12881 16039
946 7007
2667 9883
11012 13289
16957 17340
4038 7733
9763 19117
16316 18305
17464 20639
10182 17134
13547 18626
1188 20689
19137 20532
3520 10449
3189 3411
8568 10957
5685 8335
14376 18636
14636 18375
17830 20802
19599 20611
17461 18245
5685 19147
12592 18135
17516 20333
7840 18476
8431 17717
3372 17762
8426 20903
2854 13062
12838 13846
7415 8982
9513 13357
7429 9664
16755 19102
13634 17384
3994 19964
13857 14170
418 15490
14914 18882
6648 17348
4203 10560
7246 20719
9282 13227
4416 6179
11015 18112
11255 20672
19982 20906
5157 18892
7642 9118
10852 11462
2186 20775
3037 7900
3894 17453
14954 19305
17572 20611
9336 14236
13840 16705
8986 19548
10066 14113
8094 19313
5674 11126
9742 18703
14128 19101
542 8615
415 1867
13107 13426
15338 18516
13565 17363
