200
200 586
2416 3268
1884 3686
2126 4071
2549 3166
1197 1700
1084 2450
350 966
2035 3861
1112 3411
2104 3652
1398 2956
1321 4096
71 2543
2716 3872
3705 3916
1987 4161
2556 2670
3208 4054
222 2010
1818 3346
344 1372
3296 3325
3271 3906
3853 3875
2015 4192
1226 1775
1522 3952
2676 3993
3638 4018
805 2062
3684 4046
2786 3908
3540 3597
3662 4185
3434 3694
2795 3988
3651 3922
634 3524
2236 3654
3579 3824
1071 2255
438 2558
290 3992
332 827
1968 3594
3017 3304
212 2544
540 1299
1535 3234
2811 3422
2959 3266
979 2552
81 2040
3831 3840
1757 3511
1905 2843
1697 3412
1991 3495
1610 2939
1090 2440
670 3830
3341 4126
179 2611
97 4045
291 3391
2284 3603
2829 3336
1937 2072
1178 2340
539 720
571 2913
2076 2147
396 973
128 1191
2200 3604
2577 3084
806 1783
1955 3878
1601 3238
2443 2948
3195 4158
1934 3645
39 1628
3643 4002
1322 1516
936 1417
3792 3949
118 2276
3297 4020
3493 4027
773 2071
1742 2175
1815 2789
3727 3918
793 2069
1709 3644
2166 2218
82 695
2354 3418
2535 3590
2515 3999
1586 3857
890 3010
1287 2806
125 267
3682 4071
1853 2478
3858 3916
1638 2979
1825 3646
1487 3508
849 1503
86 2177
2430 3788
3029 3271
492 2218
50 302
3083 3907
304 1501
3532 3927
123 570
3223 3370
2408 3115
820 3410
2223 3584
466 3718
3154 4031
3721 3828
3385 3624
1130 1451
1253 4190
3582 4137
3536 3883
85 1750
871 2780
3138 3615
1880 2622
1680 2762
481 2998
3032 3896
3062 4009
1806 3692
1842 2935
3824 4018
1607 3914
3324 4062
3018 3271
2744 2819
658 4026
1841 4096
1587 3025
1170 2129
3476 4150
3037 3780
829 3195
899 3170
3820 4033
2342 4196
2616 2871
1926 3834
3572 3990
2955 3424
1397 3656
2849 4198
3809 3869
2437 2683
1847 3600
170 1936
2130 3326
3960 4159
2613 3564
2206 3092
3094 3192
1975 2477
3871 4064
1949 2693
1115 2047
469 926
990 2537
2129 3557
2520 3587
3234 3718
3565 4126
2591 4007
3412 3653
395 2708
407 3597
3470 4050
643 1145
374 2555
3083 3382
926 4018
1494 1657
1663 2901
1741 2851
3428 3716
838 2100
2925 3388
770 4037
