100
302 1372
12 124
293 581
114 155
1775 2002
403 1625
124 397
1999 2094
1619 1668
375 1540
1599 1972
301 2024
1827 1829
1280 1281
296 451
1398 1800
1293 2081
890 1748
736 1127
1972 2016
1756 1806
1482 1637
1861 1880
1658 1876
353 792
1127 1723
1727 1861
758 960
897 1786
1626 1863
355 766
642 1806
103 804
554 820
590 789
524 1479
898 1305
1089 1513
1504 2028
533 1062
344 1853
185 1514
680 1168
243 1302
310 1821
758 1029
355 1110
1095 1698
949 1324
680 893
302 700
1127 2036
1093 1310
230 935
475 1278
1286 1840
1382 1441
538 899
1196 1524
1029 1497
980 1213
1630 1822
284 1511
674 1808
409 1478
554 1011
938 1134
387 1097
43 1841
1283 1441
1337 1900
617 1727
906 1189
1487 1990
1914 2089
1056 1119
1318 1782
805 1287
170 1077
884 974
923 1962
489 1164
594 1202
1251 1713
1344 1823
1130 1890
869 1027
1293 1657
1856 1934
923 1454
1662 1670
372 1841
810 1165
856 1519
1400 1937
690 1439
840 1460
453 497
535 1081
1038 2032
