200
2817 3062
2152 3971
485 2549
1246 3775
57 4010
2182 3509
3840 4022
612 2866
3221 3421
1904 2858
2116 2644
2079 3172
2051 2907
3866 4173
504 2797
1550 2324
723 3742
505 633
266 364
2313 4101
714 3085
3943 4140
3887 4116
2934 4033
61 1924
2611 3784
419 1175
2860 3309
2298 2967
2960 3039
505 1083
202 2522
3975 3978
1449 3238
3542 4107
1026 3218
2198 3731
326 804
2657 2969
572 1775
3185 3362
2486 2777
2370 3901
3506 3919
1758 1979
3827 3965
3250 3581
37 2011
3220 3344
1275 3898
3594 3768
1054 2018
1310 2666
1124 2587
2658 3281
206 2899
867 2786
1104 3701
1599 3253
303 2991
282 2142
2284 4079
1707 3167
684 1579
3377 3456
3329 4101
1489 4108
1010 1314
3939 4123
866 2755
1640 2697
3586 3603
2617 3113
694 1386
1639 1753
3021 4021
2515 2982
3063 3506
1703 2963
2497 3189
687 2337
935 2156
2845 3976
1317 2870
3854 4163
1214 1416
324 3567
2849 4177
220 2286
1583 1798
2534 4092
559 1743
764 908
3706 3911
3792 4117
2698 3527
1231 1740
3151 3243
3250 4089
1373 3778
1066 3287
3355 3618
3809 4110
1801 1845
1464 2502
3116 3177
3183 3927
1059 1235
230 2403
2989 3657
266 2449
1585 3568
1648 3209
1143 1921
1889 4076
2079 3954
833 1439
620 3874
105 3617
1279 3198
1700 3267
2000 3846
839 2605
2674 3854
3884 3889
1511 3348
2918 3827
3806 3813
3637 3907
3312 3485
2002 4075
3235 3359
683 845
966 2144
452 3612
3002 3435
879 2845
1945 4193
3572 4179
1810 2003
508 1987
2801 3106
3423 4062
3668 3809
1599 2002
1757 3658
229 2864
2055 2711
1525 3881
3404 3926
2351 2773
138 584
3794 3941
3861 3899
1887 3644
2810 3086
1646 1834
3116 3335
1509 2494
1107 3629
437 3506
2055 4084
2984 3151
1767 3341
1915 3593
363 957
1617 3552
1012 1847
483 1137
486 3446
995 1528
936 1507
582 1374
725 2234
2931 4159
2059 3475
1502 1702
386 3697
2861 3508
2755 3696
2885 4081
2252 2979
1339 1362
1811 3442
301 4197
3249 4030
3081 3256
1738 2756
1494 1730
3165 4041
1762 2758
3303 3705
1548 2013
1382 1582
954 3460
3446 4004
1871 2885
2727 2909
762 4037
1287 2247
