200
3303 4141
1597 2231
284 1134
3633 3987
1902 3057
2912 2964
2085 2694
652 1979
671 3042
1564 2393
3040 3373
109 2566
217 541
1091 1883
2517 4093
1348 3346
771 1444
2372 4043
2411 3114
315 2161
3403 4140
2470 2922
1926 4151
3733 3778
780 3185
1556 2134
1493 3998
1965 3942
1800 3852
2813 3945
3370 4148
1625 2058
273 1420
3954 4071
3118 3739
3522 3534
2414 2965
2987 3057
3512 3571
2993 3346
2777 3806
1949 3541
1957 2462
2248 2514
1350 2265
708 2301
3153 4002
3488 3998
3082 3989
3846 4007
1621 2031
1102 1201
3243 3261
927 4007
953 3396
3618 3879
1614 2115
1444 2305
2502 3846
673 1022
3062 3301
2660 3463
3403 3719
857 2842
312 771
2907 3327
2511 4084
2439 3142
2338 3227
424 2089
3227 3775
3412 3716
3292 3427
3982 4000
2181 3532
1782 2297
163 3771
464 2708
2870 3220
3653 3664
1969 3434
2173 2719
894 1925
1842 3160
1329 3849
3943 4009
1326 3774
2611 4078
897 2632
200 3804
98 3440
676 2230
747 3985
1392 3142
735 1485
2935 3699
676 1513
1492 3450
3689 3821
3726 3891
1829 3091
2132 3016
2800 3132
3648 3683
2288 2523
934 2465
3216 4072
803 886
909 3813
2120 2150
2782 2834
252 710
2257 3210
1751 1942
1526 2929
359 3301
2954 4048
3192 3317
691 2432
2649 3123
2721 2909
142 2570
1353 2868
2308 3105
1239 1934
2381 3697
2316 3373
2084 2284
2486 3653
1691 3373
666 2881
755 2230
3696 3875
2999 3003
413 1500
893 2521
1635 3007
1206 1870
2219 2455
3053 3333
1047 1803
1479 2037
2574 2861
2050 3739
2835 3002
3104 3385
1990 3330
3473 4038
2441 3320
3658 4196
3658 3862
2621 2912
3480 3602
338 2348
1746 4104
2138 2899
897 1182
1716 2899
725 1311
3668 4142
3947 4038
322 1629
417 1128
1643 2888
3017 4138
2111 4058
2316 2418
422 2510
598 1139
414 1258
3684 3777
3805 4056
153 2295
568 2949
1278 3198
1351 4164
2851 3015
2417 2427
1642 3691
2160 2908
997 4184
1154 1562
2994 3397
2962 4111
1776 3830
3784 4053
3829 3949
2382 2694
1245 1555
1438 2718
2275 3427
3300 4174
2844 3529
1686 3893
368 575
2690 2922
3805 4070
3481 3499
3210 3435
3828 4007
