200
1574 2187
347 2344
2660 3983
1896 2660
776 3560
736 1852
980 1633
2971 4093
2293 2902
2751 3315
3592 3860
2543 2687
1692 2258
8 445
2804 2845
3257 3871
1483 4101
3329 3906
3222 3898
2921 3193
2438 4122
1 144
1894 2215
544 3654
1265 3331
3012 4190
125 3892
1944 2590
338 4105
2699 3234
2142 3213
1785 4028
1385 2540
1704 3718
787 3396
1409 1838
1926 2667
1663 2110
494 2179
2327 3609
3645 4063
320 3492
2139 2223
724 2985
967 2374
3895 4114
3558 4028
2745 3075
253 3420
3834 4040
865 1863
2740 4147
3778 3878
1806 3529
1363 2335
313 2098
1809 3103
2697 2806
2599 3651
2421 3176
3906 4087
913 1531
3219 3964
1355 3097
1129 2441
2822 3244
884 1857
2990 3817
3707 4179
427 1124
2773 4132
1090 3473
1859 3974
3187 4103
456 1860
3068 3345
1177 2368
1936 3942
1999 3832
2 1105
2471 3913
2626 3811
3610 3638
1533 1713
1189 3702
1967 2793
685 2695
2695 3807
2276 3190
122 2396
1772 2440
2742 3043
3986 4151
2450 2709
1525 1586
2330 2508
1235 1648
1301 2305
3160 3413
665 1669
1346 3271
3104 3753
3918 4057
1750 2230
2760 3240
3744 3913
2790 4153
3076 4111
3391 3622
528 1518
2249 2782
2832 3960
92 1784
21 770
634 4005
3408 3603
2949 3582
1499 2618
1013 2748
3767 3844
3153 3603
2396 2920
1598 3859
2711 2964
3802 4025
1644 3585
686 2400
2455 3535
3044 3781
2022 3692
2775 3894
1622 4092
849 3396
1 1277
590 3526
3842 3994
1941 3034
1264 2435
201 772
3073 4165
2318 2440
3888 3996
2895 4095
1575 2754
1325 1419
3596 3867
2589 4158
2064 4160
2008 3055
398 3732
3422 4088
111 3884
3101 4099
1080 1637
109 1758
8 853
2105 2838
385 799
412 3335
3055 3282
1171 3012
1743 2183
59 668
547 1670
983 2883
3795 3860
3955 4200
2331 3381
1275 1904
704 4042
3575 4104
2854 3030
1410 3683
1725 1814
1597 3816
1104 2005
266 2936
603 1576
102 3533
3055 3064
3192 3864
82 2872
2287 3804
683 1035
3313 4147
500 2894
1412 2733
1646 2369
646 1749
2537 2588
854 1106
2626 3018
2619 3660
2473 4197
3910 4200
819 3652
654 753
3967 4007
3627 3839
2681 2791
