200
2651 3081
1109 3045
2136 3751
1485 3287
483 2690
3360 3836
3527 3577
2438 3709
3215 4133
827 2985
3082 3113
1914 3990
2121 2670
1227 3059
2191 4097
1884 3357
853 1284
1623 3666
2174 3837
859 4020
351 2374
2550 3294
3207 4021
3841 4110
2020 2226
1582 3190
1289 2607
1196 3825
614 2376
3364 3690
2953 3263
2854 4097
1113 2222
1812 3429
3778 3941
168 1029
335 1738
3038 3609
1587 3945
2636 3988
2921 3216
2652 2715
929 955
3329 4091
2121 3799
1742 2391
638 3690
3220 3620
926 2984
2785 3603
2378 2559
1769 2976
190 2277
185 433
2878 2946
2229 3368
2695 4088
75 4161
926 3977
3430 4057
3240 4014
3747 3801
1882 2717
2737 3611
65 2321
3258 3628
1827 3849
1132 2024
897 2286
3066 3779
1488 3575
507 2502
2395 4106
1819 2994
2051 2580
953 1586
514 1956
286 3969
3124 3903
2464 3849
282 3004
649 2144
2846 3140
3516 3591
2709 3190
2650 3330
3502 3659
1808 3929
405 2541
1171 1774
157 783
1219 2596
502 2917
3802 3871
3717 3974
936 1051
2232 3213
1484 2530
1939 3735
3803 4025
2700 2960
2598 2953
3974 4051
2611 3562
2786 2805
2315 2436
2605 4045
2374 2509
1651 4080
819 3018
2660 3058
1491 2848
1658 2079
3374 4026
1793 3601
703 2571
1667 4019
3985 4103
2035 3031
351 2855
3254 3607
3754 4151
1310 1758
1411 3382
3884 4132
2715 3527
2694 3146
3591 4000
785 1103
2415 2802
1582 3481
2501 2617
537 3389
2098 2533
3970 4142
3418 4106
2090 4105
1090 1805
2886 3964
533 3795
1385 1865
2939 3168
934 1773
1336 1551
2172 3323
3600 3858
777 3491
2844 3513
2139 2418
1730 3604
3353 3678
664 2906
707 3068
474 3102
990 4133
3084 4166
946 3414
1741 1879
520 781
1639 1648
324 522
2216 4117
3175 4063
3337 3909
2496 3584
3760 4029
2490 2958
972 3039
2181 2950
1129 3317
3917 4087
3106 3877
3614 3618
3692 3774
930 3692
3130 3967
799 4026
2475 2661
630 3174
3200 3843
1383 1691
1784 3189
3329 3915
1015 3552
3686 4014
2830 3456
414 4082
3036 4156
462 2360
3831 3937
789 3246
1355 1520
1665 4005
3287 4020
1501 2217
743 1293
2170 2745
873 1417
1735 3125
2996 3784
