1000
18218 19603
8503 18608
8772 20271
12578 13387
14989 17522
11363 12336
2775 20358
4155 13117
1408 7508
12570 13615
11330 18341
3260 4685
9093 16630
16172 19414
18826 20650
10256 16625
19010 19669
8772 12446
12389 16532
379 2970
10040 10805
2742 20682
13464 17184
1896 9480
6042 13458
351 17609
1377 1515
13930 14170
9568 14245
19992 19997
14253 15038
18541 18834
18728 20138
6663 10090
6536 6542
4518 16938
12559 17826
6145 16887
8337 15407
12390 17841
16966 18152
7593 15952
2613 5597
14110 18094
19805 20243
7975 16709
5056 10811
568 2078
17750 18531
885 20621
13437 20207
8522 19131
11124 11750
15146 16657
3599 17428
4064 16200
14088 20822
2261 20132
6340 8068
5904 13155
15824 17783
19295 19302
16705 17467
14119 18004
13929 16394
12583 16795
16525 20226
8599 12007
4301 4696
18693 20003
10057 17548
9539 20218
5611 18349
4414 12474
9871 18871
8848 14269
11485 12621
3326 10643
8156 15320
9326 10646
16522 20767
14138 20368
11242 16768
16049 19771
2573 7209
19201 20066
9127 15072
1779 8530
11626 15062
18594 20284
16329 18085
2573 17466
1323 5025
11643 16710
3050 7374
19012 20736
19840 20941
18347 18799
16597 18891
13093 15664
17188 17710
576 6220
15786 16695
3967 10115
15179 19512
8276 19746
6524 10514
18468 20565
11052 17297
19137 19819
11734 19615
3724 13402
12669 17975
16257 19073
11836 11876
18802 20192
9944 18946
2832 19881
13527 17537
18052 20217
16256 16968
2471 3577
12452 18565
9979 10335
911 11233
19703 20764
16456 19139
9125 9345
9985 11483
18351 18515
9507 12022
7786 8314
17883 18288
6429 13999
3830 8664
600 15137
8705 11713
7599 20082
8711 17777
1897 18990
8508 20266
4844 6703
2814 5650
4536 20344
2096 16289
3582 4679
9081 19583
3189 15208
1886 20139
1222 1940
14205 19597
18470 19857
1885 5919
6564 16209
1971 20592
2090 16459
13720 15336
4103 18040
4138 8547
4673 10495
12434 14587
15365 19428
1954 16903
16343 16519
11648 20221
9871 18041
1028 6597
19506 20347
14645 17663
244 13153
11577 15144
13990 17828
12564 18504
11953 19360
17108 17256
5849 20517
138 8485
8580 11542
3996 13149
16643 20466
11062 18989
21 7737
1879 20665
8569 17421
3489 18612
11436 16362
3763 20293
6890 15417
11172 20053
2589 18241
16796 16950
9292 12350
5211 12464
14788 18876
12282 15904
15523 20072
6794 15568
18000 19283
10130 13081
16518 18406
1757 11168
16529 17624
1729 20668
5517 15008
3486 14521
7979 13159
688 7515
1545 20666
4229 4449
1298 14805
13915 17871
9688 18283
2349 5659
1938 9656
13391 19450
630 9134
2867 19543
12180 14340
6671 17943
14856 15710
5606 12852
4165 18247
14525 20064
12153 16884
11589 18765
10217 15404
16493 17850
5867 6647
12818 13636
15024 18988
3096 12429
11470 20117
2857 6488
7155 16992
18295 18394
2322 9567
8607 11867
14738 20912
2537 13278
3506 4637
5343 14891
3604 16572
10521 12047
709 11592
16734 20311
14902 19340
7211 13112
9742 20084
1163 16154
5075 14928
7764 8677
10165 17988
9605 15787
1660 19554
11120 16202
388 11568
9712 13483
13073 19671
11653 19812
16253 16768
18402 20984
17119 17910
17994 20087
18888 20512
13475 17284
9970 10011
9766 13574
17038 18859
16276 17462
4842 20762
19270 20782
13768 20871
11208 19676
10454 16094
19665 20662
13299 15092
2406 3207
7459 11064
17843 19871
14826 19747
18532 20873
3287 18521
9013 11095
17721 20161
3345 19482
9399 20294
15576 18909
1039 20105
4403 10427
14463 19707
9539 12112
8441 10732
139 7521
7320 12945
4479 9468
10047 17171
11929 16786
12604 18354
13282 19605
13596 16167
2178 10954
2611 5864
4397 18089
7854 11541
5213 8221
3564 15250
8747 18255
4802 7500
16408 17765
16900 18791
19821 20275
1036 2896
14072 20111
416 6100
11194 19582
6245 17854
321 14840
4224 18137
8990 15642
15835 20152
7618 12865
8249 20324
10090 12517
7226 20684
15770 17048
11377 17896
15498 20598
5293 12094
1209 5935
15070 16475
11693 20203
9125 15020
18635 19399
2138 4815
11174 11622
19731 20191
1297 15099
1815 6332
17935 19052
10458 10629
16226 17582
12362 18747
11952 15695
5533 19132
12869 17967
14489 17571
7474 17738
9814 19173
16881 17264
10784 17186
7957 17986
18971 19600
1312 11767
4587 6194
10745 16382
2531 7680
13173 14854
2253 8458
13720 14476
13105 15085
2417 17448
13069 19408
11190 16859
14325 20767
6488 6820
2735 6785
15276 19142
10801 11084
14149 14445
7485 18207
18602 19647
5598 17466
6725 17147
4572 7509
260 14808
15704 20953
5515 6799
8491 13441
7198 17650
10427 12061
2301 17349
14370 15912
13317 14162
15872 17868
3916 12289
18376 18745
16667 17673
5857 12317
3993 10570
19712 20990
17336 18224
4899 9990
18217 20319
5277 20636
19909 20689
8351 17970
3338 17490
15280 17933
16720 20319
19479 20478
17773 18156
12978 14602
11398 13209
6458 7025
17605 20029
18193 20441
10747 14382
7372 19257
18829 20573
8106 20923
15298 16687
15707 17389
5827 12210
8934 15727
7449 9300
366 12629
13543 18122
1600 18941
13820 20306
4005 4317
7820 16249
5171 7508
9782 16719
11338 19466
8650 10780
18787 20340
5932 6709
668 13648
10316 14621
8649 18139
18095 18903
16511 18824
10443 12913
11148 18357
13802 18165
13414 15144
860 2157
15917 20096
13125 19812
2308 18134
17884 20511
14106 16680
10571 12678
19942 20445
14803 20180
2049 3073
3395 7992
18484 20111
1770 5064
1449 1900
19462 20594
17865 20334
2136 10465
19910 20838
6931 16610
4699 20302
11288 18750
16824 20601
18555 20250
2774 13504
16761 19152
16867 19813
10720 18041
12817 20878
11119 14297
12178 20015
18785 20427
17153 20720
13607 15710
10124 10497
12413 13460
9286 20754
5588 15891
6337 8408
3248 10374
531 16286
9738 11805
3732 5212
19748 20964
12545 13509
10275 10894
7945 17250
13730 16857
9527 13625
18231 20194
12202 19542
9283 13523
19658 20871
5809 10000
2120 8662
2624 6103
2413 15582
12868 18349
13339 18002
10453 13080
3811 19821
17337 20801
14607 19886
15084 17089
723 3633
14824 14930
9812 11985
18725 19967
16534 18186
8250 8435
13448 17763
922 20594
8077 16394
17608 18777
3766 18941
17118 18544
10937 16623
13182 19920
2361 5901
4544 11814
12428 12736
12237 17690
19943 20685
2072 5883
7981 18916
1725 20839
1900 9538
7409 20020
17430 18099
13731 19493
2156 16354
8093 12821
13428 15279
18603 19536
10983 11172
928 12291
3956 17287
5531 7666
4987 20555
15194 17493
11488 12350
3872 6757
7175 18108
13284 20466
6190 18261
12638 15743
7927 15534
15266 18435
7868 8355
13518 16182
5886 11167
4971 6468
5123 13487
17506 19452
15156 15260
4377 5803
18832 19881
12797 13168
6879 8224
12973 14913
8895 15316
16028 20991
6053 17704
16678 19062
1162 20573
14070 16059
5866 6324
3550 7731
5203 13179
17436 20646
11221 15573
10444 11449
253 16198
8194 8358
13751 16293
12097 15164
16254 19596
16252 18375
3346 8067
19179 20306
14546 19596
12451 18250
9438 17652
11244 13122
11510 17662
10147 12375
6304 9392
13383 17961
7437 10959
5879 11643
14928 18541
8173 8743
17188 20194
7039 15408
17353 17442
14387 15526
11417 18557
2408 11220
17114 20153
3088 7742
17167 20806
13942 19637
11081 20507
9472 19898
11199 13322
16924 19776
823 16220
8605 9943
8628 9492
12455 17597
3513 14461
3294 15556
15008 17414
5986 9646
11514 13219
10602 12627
17984 20036
10415 16692
21 7140
1304 20934
9777 12089
10920 16459
1227 1542
1278 6732
10916 19008
6187 13295
19613 20666
3321 17829
5760 6832
10507 15376
1023 12237
12087 15440
8430 20298
11990 19070
9631 11820
4463 6289
6628 11686
1243 10527
16146 18950
9662 12268
6073 7794
7804 18165
9600 19443
10635 16990
2639 5397
15161 15570
15148 15560
16557 19795
13877 18907
4734 8665
7003 10957
3863 5092
6478 7787
2439 17883
3684 14924
8426 12862
10884 11237
9078 16377
5298 7154
13061 14349
9181 15519
11618 19260
13576 13702
517 13515
8734 18015
19529 19956
14124 14876
19671 20920
4509 13834
3271 9410
6194 11171
14191 17623
19518 19823
19845 20130
17511 18885
1449 12624
10886 19605
10214 16352
5837 15424
12611 16082
2969 10380
8737 11677
11526 16333
17364 18842
5110 17059
7590 15019
4158 20228
14653 19285
1834 17143
630 8906
1156 2804
6155 15813
17774 19977
4472 9793
3010 16953
5009 8076
610 13762
15610 19984
19980 20605
11417 17021
13234 20595
18546 19287
5923 10745
12496 15885
16035 19531
10871 13733
13075 16503
11416 16022
11684 18959
14616 20256
9313 14890
6201 12277
14292 20113
8976 20514
10692 13379
15378 16493
2337 16956
5196 19535
17485 17887
13059 14707
8361 14726
8695 13342
12161 15791
19662 19823
17118 18689
13289 13685
12062 14796
14862 19583
11692 12754
8472 10576
9 6964
1734 3688
15125 18039
12838 16990
17844 18975
18599 20849
17237 19023
19563 19777
19025 20425
6370 14892
6906 12953
845 2953
13937 16237
1533 18566
6153 11947
2455 3334
9082 9214
18596 19638
4821 9824
18182 19059
19195 19801
6562 11237
15482 16581
3667 12584
4258 8915
6216 12892
1503 10363
2304 7886
18007 20396
12955 15625
17014 17591
4698 14736
7196 11357
14851 18708
4119 18538
10063 11597
7958 20766
12013 15543
19288 19487
11815 18393
15174 17401
7091 17680
2597 14934
17442 20643
10867 12554
14828 16161
9477 16528
7929 9547
6437 18486
17037 19952
9009 9295
633 12794
6250 15063
16930 19213
999 16678
17000 17385
14972 19483
3410 18867
12170 14629
1455 17470
10713 13155
10968 20832
18438 18792
13496 13790
16320 16934
16753 18449
13186 14012
19926 20309
956 13767
9774 16039
11358 17432
18053 18953
10700 17840
13115 13957
425 18101
9891 14554
5380 16367
5645 16211
14796 20442
10190 14693
752 15123
19475 19496
6040 19772
432 19082
9359 15321
6967 11226
11148 11379
6891 13158
11782 12635
16939 19101
3967 4656
6695 16893
16723 16969
19972 20843
16701 18121
5798 20514
3890 9161
18738 20018
3036 8672
2122 10858
14781 19763
14930 16551
9671 16997
15176 20012
299 18394
7760 19769
10582 17306
8692 19954
17975 18664
16590 19990
6139 8105
14567 15738
19326 20922
14202 15360
14792 20386
13432 13769
16930 17220
14896 17919
11488 20948
18278 19779
12367 20182
12163 15534
494 7183
7205 11196
17204 20256
18784 19029
11412 17461
3281 7563
19055 20367
16142 20025
12387 18207
2897 4351
5504 16467
2557 17004
1456 14823
7531 20333
575 2534
2570 14257
8858 11407
12857 14507
533 3853
8849 16512
11836 12033
8906 16276
5435 12281
19515 19538
19201 19826
5918 9273
10967 20978
6344 12905
9417 19646
3225 6520
10066 19126
8568 9773
15425 17209
5196 9426
17411 19091
15178 16012
7080 9702
18509 20809
18283 20852
8617 14372
2881 8724
14627 20261
1418 14440
4563 8770
11754 16041
19007 20775
15806 19596
557 936
7644 18711
6892 8276
537 18911
3869 4298
7476 13073
15598 17229
14993 16366
11798 16463
9634 14113
13069 14102
15910 18238
11885 13492
5848 11551
4782 19300
14525 18191
3771 14961
7194 19543
19741 20818
14974 16504
2447 7331
10509 20558
5169 13634
15103 16104
15933 18339
2749 16065
10796 15476
17741 20179
1854 7688
856 2907
2793 3945
34 11721
13494 15030
18423 19588
15420 19709
7718 14463
8340 14522
14272 17376
4601 7843
14500 15298
12785 15462
3108 20235
8961 18977
11900 18294
16733 18513
15150 17187
13588 17473
172 4588
2718 11052
10638 18566
11055 17298
12299 19330
18082 20177
15093 20492
10929 17215
19594 19836
18031 20744
18277 20104
8495 12594
19441 20828
11693 19098
10982 19290
2913 17779
4658 8951
421 4608
18806 19097
5984 7351
10082 18434
8275 8864
11834 13032
3031 9182
7123 16503
8991 15023
19361 20238
2048 7682
10139 13828
8915 16266
1685 13209
2710 9252
5490 16056
7829 13384
9195 17134
12546 18067
12406 15761
10715 17098
7117 14644
18819 19445
14212 15333
14808 19106
14758 16197
932 11163
19546 20722
19782 20336
19831 20655
2504 6377
14612 18996
18352 19430
4207 6895
4244 11649
17004 18276
7675 19394
327 2169
17405 18186
19208 20041
859 4614
223 8923
