1000
11517 16792
2816 18132
14305 16787
14690 15843
14479 16995
18203 18605
10588 14919
18940 19391
6620 12599
6259 18913
1910 15719
2228 20399
1533 2606
9022 11227
16006 20803
9844 17491
2673 12988
7372 18303
3458 7034
9749 19245
2623 4721
4291 18654
9703 17259
4897 19154
105 7650
13151 20400
5162 15626
7247 15265
14486 16453
262 17733
5188 5881
15231 16520
17190 20401
16233 17640
2450 19633
17038 19779
4046 9594
14257 17071
10593 11118
18480 20790
1834 12316
1311 17339
3815 7753
4834 15260
13032 16081
4076 9181
15300 15877
19490 19807
2562 18360
3416 5569
17276 17490
3262 15213
8064 8337
6376 19952
4759 15043
8164 15808
7160 7720
9914 12764
2953 16577
18097 19564
11375 15095
18623 20799
12140 19466
1271 14746
4545 7932
6874 11663
52 20284
16979 20747
417 8636
15371 19186
14245 15004
7991 15212
10670 15642
3059 11398
17115 17460
12147 15555
8874 16965
6922 8387
9098 11091
19909 20761
17745 19754
16101 17584
16111 16218
13493 15612
17905 19128
19322 19575
18150 20137
12800 16064
17079 17522
11941 19716
9054 10698
19360 20052
2431 7696
19321 20114
11001 19068
6738 17692
9830 13914
17287 17933
11308 16329
6712 8650
12202 17309
1 16063
16604 18531
13134 18348
4031 20149
13942 17755
7804 9278
13478 19138
17474 18529
15307 19693
7595 20357
17091 20521
1665 5520
2366 4362
1057 14730
18893 20417
17022 18590
13122 19504
16889 18662
12975 15398
5153 10093
3946 17972
15334 18100
12711 17599
7628 8389
3159 7153
15204 17417
5306 18828
10763 11969
8748 20937
17161 19719
4852 19875
13350 17304
15938 18231
15483 16769
9305 10296
8107 10357
19721 20585
9219 11312
3309 17392
2121 18717
17162 18443
14863 16118
19095 20094
8775 16293
9596 11345
12991 16438
15113 16187
11711 16905
8542 20400
5152 6733
5662 15129
6395 18383
19214 19733
19726 20753
17002 18003
2682 20886
461 13792
2605 5790
8162 11141
2981 8030
4825 14965
7919 20734
3302 19179
9385 15463
18372 18565
2086 17937
13773 16955
7770 14185
3293 17283
14165 17726
18971 20248
9477 10884
5933 6940
9710 19188
17836 19922
13506 18816
9882 10674
17687 19349
1127 15524
12050 16811
12116 15828
15843 16228
13958 19598
6096 6280
3650 12001
7809 19808
6420 10073
2990 11040
4217 7110
12979 15085
6486 8309
13792 18873
11880 13461
13209 20343
9100 18630
2483 16491
13897 20719
2682 13213
4642 10155
9773 18234
4691 11392
19081 20337
4896 6848
10396 19334
18842 20746
13278 16948
11057 15442
3536 12108
18238 19094
5424 18590
11191 15797
6862 13582
2040 16936
16096 20014
9343 11822
8446 17150
11597 16933
11064 20062
1681 11598
15277 16433
5559 16210
8414 13582
6630 19366
4127 18429
1273 18000
362 1013
5301 8379
17552 20789
10054 17967
12720 15819
11920 17103
12852 15050
3852 5388
15412 17258
18352 18628
12178 17216
3237 10142
9453 13256
11580 14507
14014 17869
17448 19397
17985 20074
218 13779
9468 14645
14073 20793
2729 12677
3635 17906
4179 4347
16635 20433
1658 9953
17478 17758
2671 4413
19181 19628
8692 17980
1541 4912
8778 16495
9601 12831
5919 15306
3441 4903
5444 10331
16008 18475
19879 20616
17249 17621
17160 17728
15689 16414
7150 15924
1740 6029
16845 20542
8655 9694
14301 20909
12835 14488
15967 19043
3784 4709
16622 17644
9326 9663
1303 7505
4487 6092
11923 18694
1905 5727
19805 20708
2177 11583
15919 16625
1061 3644
2384 19039
13990 15482
19561 20481
9698 12335
15380 18185
4459 7716
10922 12414
3797 6408
2267 2948
1285 17242
398 18197
14251 19566
1756 11969
441 6483
9867 13310
12091 19976
16349 20790
13638 20187
18890 20619
5755 10220
7884 12977
16017 20243
10464 14235
10363 14783
4466 13247
8351 15653
17330 20308
14191 18117
19359 20250
3088 4138
5641 6599
6167 12316
11391 13656
12943 14102
18887 19340
17429 20616
16261 18627
10442 20672
17631 19649
3754 12308
3323 18118
8665 13536
6892 7569
697 18841
4189 5615
845 19417
13968 15632
1185 12474
7453 8281
19732 20492
15210 18896
4268 6509
12487 16746
1339 7180
5695 18408
18227 19246
7340 19974
878 18879
19063 19417
3949 16714
6886 16793
704 20956
17290 18512
2653 7499
9948 12853
9022 17885
7468 16469
16394 18600
8096 20096
11324 18051
15350 16421
3706 8019
15027 15208
3029 14713
3108 10286
12822 13255
19238 19747
17844 19456
3010 8099
14787 17273
16676 18675
5618 18313
4370 12902
10649 18478
11942 15147
3415 13185
14860 20009
4062 7859
13724 15994
2595 8539
4949 10409
6539 15494
13762 16963
11023 18752
3317 17784
3487 16913
16897 19896
4964 16202
16834 20324
17204 18458
7342 16071
19860 20260
3236 4370
18982 19908
6887 14562
19801 20967
11772 17592
7099 19251
9154 9612
2425 15818
15076 20135
6948 8227
13017 13234
10967 12730
4952 12031
18506 20936
2153 13881
17670 19151
4782 9679
15765 17758
3357 12833
14451 18426
11128 16557
5590 5592
16550 19057
18470 20302
7937 19605
18137 20149
11085 18147
19526 20949
8488 10370
8039 18463
13214 20411
7764 16178
5295 5566
19162 19232
14200 20375
3552 12061
2388 15753
18834 20443
378 16948
5676 8076
745 2403
9321 12288
6823 15047
5218 17599
14388 16317
996 2800
19710 20125
16665 18976
11563 14525
17734 19796
2851 3017
2094 7131
10073 14448
19216 19979
5487 12188
17073 20284
5265 14604
5490 6045
17715 17997
3260 7367
3153 4900
14631 19002
2282 3297
18906 20980
11195 18750
14553 20889
405 11742
2064 18022
10247 10309
888 11343
18625 18927
10063 18794
445 8782
11395 14974
1485 15528
11799 11833
11035 11349
18923 20110
1786 15213
4587 10811
5027 14488
7544 14836
856 14507
7178 7791
18661 20666
13625 18674
17210 17354
13239 19032
9874 17442
14832 18711
1618 2460
13601 19083
10112 10208
1887 13618
2495 9617
7412 18717
8108 12112
11887 15643
19366 19902
16138 16696
8820 14470
4362 10614
7592 15517
9371 19172
10825 20584
7321 20860
5012 8747
18259 18817
22 11098
2456 20805
5285 16540
16851 20177
7951 13745
13719 20273
1681 18872
3950 19303
17489 20940
9890 19697
7745 7882
4077 7161
18515 20156
7135 16680
4647 17459
13274 17015
17378 19316
16230 19103
19463 20287
900 7289
4702 11934
13649 15712
5842 13712
18464 20239
8403 15742
13406 14364
2617 12176
19938 20312
3238 8731
19687 20448
11579 14889
8883 15113
10096 12618
11675 18564
4645 9323
16639 17366
17355 19216
4136 19143
5378 16455
4823 8751
10999 12028
9315 17152
12307 16751
4606 7917
9597 14266
10803 20078
8746 9865
5047 19203
19297 20401
4537 20168
13876 20509
8837 10823
6773 13881
14066 20236
8449 9710
4648 15599
19769 19852
13007 13124
15822 17735
19990 20072
4555 19679
3674 8393
9310 12778
13252 16925
9435 9744
13922 16689
8818 14379
14797 15441
16564 17736
18954 20990
9234 16967
3286 17168
19650 20026
7893 12154
3188 5858
12012 20251
18788 19081
14674 19569
12277 19235
5042 19998
12685 13987
15345 18340
6538 8407
320 17294
8439 17069
6495 14753
1262 17162
1387 2264
173 1704
16795 17063
13903 14288
16758 17764
14053 17810
99 10183
3874 18496
8401 14975
7090 19859
13812 20998
918 19899
18498 20720
908 8023
2382 8621
9327 20552
18783 18832
3996 14200
5611 10421
9925 16961
14302 19872
15534 16672
16150 17020
10972 11825
7378 20060
14196 16016
19364 19847
17174 18756
16343 18199
2635 18427
14636 18474
12744 15485
6415 14458
13762 15391
6180 7120
16124 17468
3982 12475
18278 20432
13081 19748
3908 10450
3578 17671
8424 17050
11752 17715
1487 17134
12630 12986
14887 20449
11633 13436
19302 19548
5077 15334
3487 7132
4112 19841
467 5307
12268 17934
7948 15253
15859 19013
3409 8704
10023 16017
2809 19571
15132 19020
16294 17067
2464 17364
10842 18780
12032 13461
3183 10505
15139 16310
17144 19603
7618 10291
16091 16366
19699 19947
4737 20134
3111 13192
6525 13455
6327 20765
4943 16353
261 8229
5821 19304
6344 11698
10032 19165
18952 19009
8194 9250
12198 20366
13777 20809
5965 10020
8327 18084
11670 14985
5845 16200
4953 18233
6039 8125
15797 20365
6447 6892
18414 19347
1974 10213
15556 15695
14165 17246
18053 20047
3474 5673
15587 20223
7020 13424
8088 18792
19708 20020
997 19506
14476 14962
17467 19780
1541 16611
17792 20556
566 2217
15801 16329
15358 15989
1720 7808
7878 20991
1391 8624
356 8651
10433 15603
5128 7747
9981 16233
4496 9044
18348 20211
14034 16109
7205 7652
7396 11652
12999 17128
13202 18258
1288 10395
11910 14736
9647 9851
10785 20070
19870 20611
9809 13004
17296 19794
12968 20434
3862 19828
3848 16385
13614 15367
6141 20174
15300 17953
10652 11856
1888 7035
8908 14663
5088 9619
8647 18185
3501 9004
5571 16834
4193 10303
9968 14586
19101 19964
9160 13991
10864 16722
16153 18232
6390 7522
17815 18207
10063 17327
13256 16674
15713 18100
17105 19594
14914 19024
8298 9993
6502 17625
6452 15794
7951 10453
14069 19011
16499 19491
14671 16453
1671 2811
158 14341
10537 12980
1476 11354
16847 18916
19517 19953
901 6598
12430 18763
13881 16087
16209 18142
5245 17014
8139 13504
4274 13001
14994 16180
12125 12930
10963 19328
6031 16173
17645 19159
8159 8867
5104 15820
14664 18919
16363 16994
5777 6247
16435 17710
3836 7004
16956 17380
3992 5227
8254 19016
13324 13861
7182 16475
17285 19780
18828 20830
14710 17136
1016 16403
1926 19611
16372 17403
48 7728
9392 17638
10449 19920
5384 6648
110 14154
10874 20142
1346 3677
18697 20062
6406 15094
10414 11764
13264 17079
756 3106
17002 17238
11897 17672
13323 19053
7051 15128
4636 15629
12815 18397
18379 19920
19629 19683
1523 14172
14715 18669
5403 9885
6384 19198
17991 20959
8056 11624
18721 19358
9681 19742
1738 5281
6156 11457
7780 14273
8615 20701
10134 15749
4915 9117
17814 19675
3829 5718
10256 14008
8539 17769
15736 15761
11206 11794
616 19730
10380 16582
8216 12169
15587 16425
3420 9692
2386 11262
5508 17458
328 12209
6041 9677
1071 14303
9126 18298
1677 8621
19070 19751
17098 19037
2355 17022
10442 15296
911 13046
4852 14335
5892 15105
8809 9041
18756 20641
8908 11850
2440 15048
15410 20226
3494 4236
11649 17027
15402 20260
14719 18458
15338 17169
18290 20998
1757 8665
10116 11125
1815 5253
9971 10694
9270 9923
19623 19914
8031 11773
9432 17065
222 17546
16444 19460
14161 16345
2342 19241
16099 18610
18573 18582
7977 18803
1578 2311
10623 20233
3420 4477
19908 20304
11541 13446
19326 19368
10362 18915
1181 8036
8752 19213
83 6478
2810 17980
14835 16604
17721 20306
3145 4991
7356 16230
8762 13290
6102 6456
14641 17480
13589 14919
16843 19408
10410 14407
19497 20476
8179 17631
17868 20482
12936 16781
15367 19149
3928 12938
11516 13106
16344 18512
15462 18528
1843 8042
15187 15226
17770 20990
4672 14937
18809 20434
2829 15996
9780 19996
19108 19715
11756 16469
7280 16894
2285 20268
18469 19708
13752 18417
13561 15221
12717 13477
17222 17497
5382 19015
15600 17722
1736 8268
14548 14663
10591 15168
15415 18719
17679 19320
2531 4334
10365 14679
19759 20724
15892 16279
13965 16575
10583 14507
3444 8360
12033 17215
16840 17256
18966 19074
15833 16289
19692 20102
10199 11060
2873 8227
645 8838
8506 13609
8106 11001
8231 12997
12950 14548
435 11024
6247 11292
2880 18828
16681 19392
11422 15421
10900 12448
10890 13830
8801 13198
3713 14636
19950 20960
2509 12320
10571 12797
16282 18159
8647 14887
19357 20627
3391 7194
16488 20304
11277 13363
2406 13970
7807 10899
12341 16581
9923 14523
3182 17120
15269 17273
17335 18352
4343 11266
366 9200
11364 18908
9793 19806
4396 10804
16416 17517
18955 19069
14822 16623
3199 7507
13706 13872
7895 11664
3320 15008
18841 20240
16988 18845
19813 20612
18109 18243
9458 10275
1273 10068
833 14535
9047 9495
5724 14133
16239 17294
16218 19956
8966 9389
1214 5085
6556 14467
1525 5283
6684 11971
2639 4523
15461 19068
1021 17649
1043 10541
14575 16443
19758 20376
9525 19031
4511 17891
11582 15046
5165 16797
5500 18820
