200
1059 2307
3907 3910
3924 4086
976 3064
796 3210
2627 3072
1563 2992
577 3351
2675 4002
1825 2464
3071 3717
3096 3367
3096 4087
2970 3596
2173 2739
2080 3386
783 3304
3883 4178
2837 3674
1328 2296
1617 1800
2657 3041
282 2669
3902 3975
1004 2987
1919 3064
1331 1582
3231 3428
2290 3385
3463 3556
2555 3950
3212 3647
3960 4048
3137 3572
3324 3648
2783 3874
3190 4015
3164 4139
3099 3343
1151 3774
190 1253
2740 3208
3716 3882
3524 3830
2930 2932
2258 3300
1087 2923
3996 4079
1733 3902
2315 2928
2749 3448
535 705
3430 4058
2126 2926
895 1245
1961 3293
3800 4198
1139 1195
1419 2443
408 2632
3382 3941
2449 2768
81 858
3694 3857
3358 4113
227 508
345 3894
1685 4034
3609 4101
97 3802
3970 3996
2802 3400
1110 3966
2364 3461
1305 2708
1932 2697
367 2924
2581 3071
3475 3665
3295 3795
2730 3719
1294 2303
1425 2663
2564 3890
1493 2080
1872 2818
3940 3948
224 719
3155 3956
3014 3645
1073 1143
3422 3595
1212 3028
1283 2857
2994 4156
3622 4189
1173 1505
1246 2455
3906 3914
1878 2837
3061 3068
3648 3830
1755 1911
1225 1380
496 652
2641 3023
2262 3806
236 1278
1133 3697
1058 4036
558 1803
2499 3510
1535 2922
585 1316
1113 2775
1025 1961
1951 2761
1974 4196
359 874
3393 3812
2485 3590
773 2481
344 3801
3744 4166
3817 4036
1440 1783
3446 3616
2782 4069
1685 4003
2756 3801
1803 2118
73 2936
2577 3369
1767 4010
3648 3686
3207 3559
1607 3575
1307 1571
608 2856
3222 3261
3555 3944
1309 3597
2867 3542
3617 3825
2926 3811
2743 3481
318 2031
3718 3720
932 4033
2720 3197
19 255
2123 2896
3600 3942
3033 3871
2191 2825
2628 2859
656 3732
2268 3041
3645 4148
901 1515
1862 2332
101 2278
905 3754
3090 3660
3659 3669
2889 3062
915 2982
2894 3538
3196 3728
737 1204
2681 3895
316 2811
2837 3946
2577 2940
146 3125
2311 3145
3820 4053
2921 3908
2702 3019
1949 3560
523 1329
1711 2140
3314 3386
465 3830
2032 2603
2043 2220
1112 2240
2236 3163
321 3622
3570 3824
3387 3774
3517 3913
2257 3675
2689 3323
3438 3915
327 3703
1425 2212
2466 2635
618 2205
3046 3119
