100
1631 2059
144 1072
566 1217
1570 2012
477 1009
1193 1860
44 1387
150 1395
1860 1886
1868 1901
141 873
770 1147
593 743
373 578
881 1960
1074 1771
585 929
1572 1686
1450 1751
789 1707
1166 2099
769 1151
1181 1898
1221 1324
184 1139
658 1559
1913 1935
1071 1374
1543 2080
997 1703
133 1930
1469 1752
836 1450
1977 2088
1307 1448
1093 1178
105 1930
1765 1858
385 1260
440 719
89 623
1792 1982
139 905
556 1751
1580 1938
948 1717
1869 2050
1875 2090
652 1594
1769 1810
1674 2040
1828 1994
1533 1606
911 2078
997 1710
869 1555
429 1226
715 1576
726 1684
1795 1895
126 548
1872 2018
675 1016
475 717
406 1596
1734 1786
845 1920
724 1629
1383 1397
1161 1218
1051 1870
975 1472
185 1203
1397 1630
1706 2002
650 1664
695 907
970 1331
211 1092
1621 2086
1740 1826
1403 2038
1487 1526
1471 1771
1634 1911
1436 1903
1771 1846
1034 1132
726 1660
543 1402
264 1849
403 1994
1521 1878
60 2013
241 1833
1564 1649
1938 2059
1897 1992
509 740
470 1992
