1000
474 14871
11699 12687
11616 16254
4078 20764
5620 11000
16680 18897
10433 20266
9543 17478
11253 13575
12686 18848
4086 16062
16213 18499
4180 10993
2964 3139
5254 20767
18433 19988
2349 8893
14685 16661
3110 17120
12015 20608
3295 19336
1759 15371
758 2077
2866 13148
665 1477
13578 16997
9103 16923
2273 7150
4673 8738
9118 18699
10155 11911
11137 19151
2382 10338
19438 20073
4337 6997
7598 15394
14562 14781
10902 17353
13432 18074
17331 17953
16928 18059
12534 18188
6056 8591
4189 20269
1217 11814
14691 17233
2538 8220
3474 10300
19134 19696
16199 20871
10189 16575
19581 20677
13614 18621
15274 19023
12915 15370
1220 6866
2371 3870
8860 18306
130 15082
4466 13621
15249 16749
1165 15612
10375 19815
7457 9856
2348 17031
16314 16757
12906 14068
4656 20854
3814 12052
6519 7000
18459 18747
8807 19457
18161 20442
9667 11556
6208 13835
2585 10224
1672 13914
8967 9656
19291 20725
15600 20478
1115 12512
17851 18354
13971 15260
11500 17571
3764 17558
13677 17215
9784 11954
5712 11938
13848 14337
12377 18763
1149 17180
11309 20376
7313 9719
7618 18334
9562 10099
8923 13987
76 8281
19744 20623
179 20982
8040 12704
15230 20383
1071 19297
605 3170
12057 16046
3773 7437
5697 14466
7682 12377
11611 12005
4342 8828
15461 18328
10781 16907
6484 20276
6292 18646
19355 20051
13027 17929
545 8638
241 6800
1836 6066
14531 17338
13862 20264
13161 17358
17827 20837
17285 17497
19109 20895
961 6415
10489 15939
2175 11447
3381 17269
12045 15157
19309 20475
15806 18841
3905 15411
16335 18924
12476 12661
11216 20628
17679 17899
14260 20385
18873 18954
16803 18166
16396 20592
10106 12559
8944 17393
5519 20413
19687 19810
95 3622
2909 15362
18072 20582
10206 17017
16747 20568
12309 17576
6425 12356
12712 19056
19961 20389
14971 18620
1291 6258
4099 8878
1622 3555
4889 9781
4306 16533
11536 17561
19176 20426
18650 19005
237 4342
11411 13929
2750 7534
10174 12712
19668 20810
11792 19195
9248 15882
2345 15689
10101 15217
4659 16104
15443 16654
16418 20843
3264 4243
16288 19889
479 4891
4032 19095
16846 18081
15495 19156
615 3805
10066 12075
5059 9887
6339 9027
18590 20166
14030 15436
6718 12809
9721 12142
14919 17479
9198 12735
961 9085
6825 12081
15164 15643
15172 19250
13768 14103
18829 20903
17925 19902
1916 12405
17972 19671
12118 12173
9958 20455
3564 8270
17487 18282
12601 16844
12642 18777
4608 7011
18525 20335
19256 19937
11800 14268
19354 20511
14742 17982
11860 15381
12231 12260
15191 16986
12597 19471
10811 12869
16212 20446
16298 18682
11767 18559
10045 20112
5393 7961
8401 10037
1037 9575
10647 20745
8013 18100
19128 20289
4211 6401
12360 14541
14271 20563
4275 16537
408 9703
4680 9304
8133 9468
10808 14678
908 13198
11882 15626
9343 19028
1243 15006
13995 16832
18854 18956
12525 17439
16318 19426
17497 20805
9905 16760
19247 19689
8866 14720
1388 19308
9918 17591
9920 12075
3804 4510
17517 18396
5133 17797
10928 19287
14320 20868
19122 19961
14536 14985
11831 17236
14407 20902
15001 20686
5252 12290
15516 19229
11682 16200
6483 18556
16527 18101
17719 20377
16702 17005
12288 16146
13439 16924
13143 17422
18380 18507
1186 17905
7556 13198
2150 9080
13800 17864
10107 12779
5836 7905
14163 19051
19413 20368
1629 11380
6993 16922
15530 20781
10872 13895
14541 15612
1818 4334
15119 17186
13626 16170
12819 13177
3304 12889
16572 19822
16276 20724
14056 16871
5550 8989
17429 20221
10777 16112
15229 17781
18783 19409
11889 20504
2361 4232
19565 20855
15531 17952
6047 17444
2492 20242
12945 19813
4669 15157
14425 17499
6369 9975
10842 20268
8635 19003
17612 20015
3261 20449
17728 20452
11903 12549
12673 20709
12406 17795
2261 13550
17512 19103
3003 11754
6877 15478
11820 16157
1675 12584
8990 13387
18298 18818
3662 9106
16698 19266
854 11757
8981 10736
11061 11174
6465 13808
7902 13154
19374 20399
14107 15317
3439 6065
19393 20231
18941 20304
4960 12405
17268 19361
3746 20380
19116 19656
3698 6163
9665 9919
2445 5062
5096 7650
12042 17464
12988 16105
7334 15494
18810 19509
14941 16699
7925 10972
5453 18872
17909 20494
5579 5584
8345 12730
15975 17924
564 2503
15564 20958
15345 17112
14183 17967
14918 15793
17061 20204
10809 19000
8198 14019
10023 17548
10702 13324
2213 5612
6620 10657
13121 20602
15922 20613
12473 14355
7871 12678
7293 10672
8450 8659
9893 20675
16678 18947
8451 20522
7530 11693
18133 18249
9695 17071
16857 19387
6706 18972
1498 16183
14317 15898
3363 6859
15005 15890
13132 18807
15476 18247
13067 18083
6372 11356
16981 17441
3415 11286
10690 13199
12961 20486
12214 15071
18684 19547
12637 20570
7725 15834
8860 11080
17029 19635
18090 19264
13865 14847
17770 20368
12293 20574
8648 8769
1436 1491
11243 14262
3843 17511
2619 18499
15072 16750
2552 17009
7905 14533
14930 20034
2524 5411
16457 16740
5139 11017
7504 16104
19831 20219
1441 12009
1748 4406
9258 15969
19654 20154
7253 8382
18587 19228
9170 17682
6036 20383
17283 19056
9834 14567
9874 11947
14540 16294
3944 12147
13088 17079
6871 19380
405 10437
13505 19420
2102 13504
7623 19277
3985 15559
3670 13528
7866 19919
15874 16529
2167 10924
9326 18041
5245 18678
13542 20769
17166 18812
4757 18562
4205 15775
13525 15356
8485 9544
7618 13015
4185 9871
18177 18989
2194 2796
18123 18316
7607 20222
14665 16719
4753 14935
10690 15621
13861 17260
18201 18440
4252 6965
8897 11728
11999 17525
18324 20018
15280 16798
16064 20192
13872 17498
5528 6566
1387 14164
6077 20835
6368 18599
18261 18961
9207 13135
19081 20411
1213 17921
3161 9402
10338 15408
18917 20758
6407 16347
4570 10868
8616 12949
3780 16763
15460 16711
9506 18310
14408 15434
4502 13974
10379 19330
16259 19305
746 7152
13451 14310
17964 20173
3385 17837
15010 18624
17522 18522
363 3350
10505 17106
6976 8319
15888 20506
16108 19268
19552 20988
15202 16517
7272 10909
18882 20147
16590 20593
11582 18383
10969 19801
18475 20498
2291 5873
6847 15748
15670 20554
14424 15722
12386 17645
15668 20707
14445 14783
18650 20102
10769 14509
1544 7745
8566 20574
7501 18835
5429 16087
965 3652
8404 15106
5184 17339
3923 8197
17133 20241
19538 19797
1792 9820
17141 20797
15778 19979
17369 17997
11584 15103
5198 10020
1858 9998
1135 19428
15695 18581
13103 17384
8172 10879
9186 13345
1219 10066
9644 17702
1684 4698
15541 20935
19822 20005
7909 9481
645 11371
8543 10063
13603 18190
6142 10217
19056 20625
9870 17895
13448 14162
16701 17057
8228 18190
10155 13239
1902 7464
7413 17258
9173 20484
10030 14498
2421 13867
15274 19427
9919 15108
2426 8429
8047 17299
11559 17334
18699 19468
10588 14853
8118 9012
17082 20913
11998 13704
1165 11854
11751 16272
6264 14792
12443 17206
7090 13087
5825 12462
3528 4395
12378 17073
7579 16108
19310 19333
5329 12771
3279 10915
3149 14108
2559 9112
5319 19569
504 5986
12963 13223
17098 18999
5937 9265
9460 16810
5429 7492
9502 19016
11872 13652
2523 11474
17646 18933
1440 11292
7029 8752
12866 20939
5522 20477
2664 10812
3204 7899
10852 20726
7668 20375
13221 15107
3027 6952
5757 17497
9886 19851
10679 18652
6843 19288
8332 9405
718 6035
19596 20676
8300 10782
10442 18683
6700 19513
5676 6190
10608 17535
13547 13665
14039 20404
2870 5367
19415 20078
13074 17290
5878 13226
11866 14408
6398 17704
17765 17975
12143 19858
15903 18874
1792 12901
7485 12997
6669 20688
5178 11513
10628 20286
19747 19942
18504 19156
6183 15491
13256 19359
2133 13213
11326 15033
4529 11311
12432 17019
5294 13672
4244 13460
2257 7168
17227 19551
13850 13912
3442 4607
12225 17339
16166 19308
13202 16650
14178 19321
15396 18865
640 14966
2320 16849
245 11161
3008 15529
3051 12248
12290 15729
3564 17545
5296 10554
4898 7231
4998 10278
17256 20178
16206 20488
12417 16436
285 2309
3823 7349
15448 20934
8467 8801
19289 20496
5481 6202
6698 13696
18172 18665
1090 8578
14866 16927
2125 14270
18851 20463
11500 18823
11845 16274
9198 9724
3313 14636
13333 13434
3087 9710
9443 19707
16195 18630
12258 17746
4854 12660
7148 17094
9917 11253
1426 6024
19302 19378
3660 11750
15425 18657
18405 20201
11349 19364
4871 6429
16140 17641
11629 17697
16346 18752
9551 11371
6931 18340
11703 17867
2041 5002
7436 19577
9322 16160
2611 13313
11197 13003
5465 10596
6391 17560
14508 17637
11089 11412
14606 18629
1913 10002
1284 5071
9999 12109
12752 20544
8293 10137
2397 4425
16161 17095
18850 20370
12592 14600
16263 17227
5499 17623
11456 18984
13527 14998
9482 13715
6035 17016
17978 19882
5072 8459
9184 17384
2270 6266
4295 16213
11944 15948
14023 17785
8347 10857
19466 20507
1012 13462
3637 10985
8133 19293
1122 20980
18469 20202
16707 18108
7393 15474
3104 16081
10501 12589
9509 19439
10052 14408
13722 19219
10594 11153
16840 17063
5945 8547
5836 19949
9624 10334
587 7498
10187 17707
18666 20083
13977 18952
10927 13346
3213 6509
12046 15140
7264 14026
17127 18378
10563 19133
10239 13930
271 10080
17534 18525
9178 16483
19038 19249
6921 17563
6259 11592
14009 16145
2171 14877
4473 4753
10317 12637
2489 7033
6862 12028
14234 16144
8084 11845
2868 11467
8999 20470
9086 15135
3717 7294
1618 6331
1551 11105
92 3376
1154 19872
1561 3391
18523 20653
18104 18259
9872 17421
12164 12190
7498 13048
7375 10482
18647 20044
6811 7100
4066 18581
13704 19002
11856 17337
15244 16138
4149 12298
1450 18958
7551 17941
10138 18521
331 8160
672 10416
12087 17533
11911 12140
18872 18929
3745 11098
15894 19508
16854 19997
5572 16196
10404 13840
7274 7429
14792 16203
9587 11766
10061 12627
1995 6130
19227 19388
16631 20891
8502 11692
3312 14177
12245 16414
8680 20116
2787 6666
2136 16762
235 11034
18347 19578
14375 19091
7114 15690
16278 17751
10736 20627
17690 20312
18187 20699
4103 6286
18851 20184
3445 10026
2376 20029
4402 7396
16876 18930
17043 19923
9603 20967
17248 19291
2591 8240
17456 18296
19117 19615
17230 19671
9504 12363
509 17280
7754 19100
12891 17671
2702 4776
5412 8866
16183 17823
1551 10781
12338 17893
18779 19154
19915 20343
1740 13752
5518 10870
1907 3288
8303 10691
5065 10856
11051 11309
6180 9686
10909 14558
11614 17984
15158 19469
1626 3562
8129 11779
8739 14405
4949 13132
15661 18117
17976 20016
15625 19891
1542 18531
13017 20650
4813 13144
2569 7785
17033 17506
16378 20980
10519 12645
15435 19369
16018 18094
11948 18667
7125 9703
19832 20022
6633 18416
8987 11055
18312 20561
3211 15689
5813 20279
8141 12476
734 3015
13526 14889
19147 19177
7955 15791
5513 15484
19693 20150
13120 20277
11845 16861
3525 12355
12867 13483
4267 20705
2388 6157
17832 20771
13179 13362
6309 10655
8974 15139
3718 10995
19524 19568
16531 19243
11945 18855
6732 20967
13155 14155
13084 16034
19113 19764
11441 14365
346 1360
11316 18840
1481 12205
17457 20674
12883 14036
10538 20871
11246 14313
4259 5941
16605 19991
10878 15516
2144 6268
4106 9983
7153 11516
17583 18535
12205 19984
13262 18544
13171 19194
19860 20561
14169 20763
5616 8614
13347 17483
5725 16166
1128 9489
18112 18851
11170 20463
2141 20653
14010 14771
14699 20940
16680 18993
14241 16714
3639 19584
17635 19715
12130 15124
4620 10553
12347 19588
7905 19627
7997 13728
469 4808
10276 19807
8804 12622
1078 11751
7702 19604
16456 19402
6990 17255
11249 20343
19692 20329
4632 6715
15592 20434
9931 14464
17500 19383
16892 17061
3342 7428
18175 18845
3951 16723
8416 16426
9499 11495
8946 10071
18607 19514
15413 16441
7659 11473
6207 7211
7683 17283
11624 12362
18469 19117
19006 20426
8094 11127
17434 20590
15159 15606
5627 20979
9524 14613
14064 19463
938 11310
2180 9500
18104 18631
18467 18608
19439 19988
3850 6706
14533 18159
11816 12697
12476 18253
5770 9076
700 2413
19489 19929
2058 4977
269 11245
