100
834 1173
27 1186
1130 1721
476 1556
1278 1676
1805 2100
189 1221
1622 1662
1297 1806
531 1861
902 1768
303 330
360 1512
598 715
41 349
626 740
567 1877
1482 1650
1407 1918
1338 1370
1860 1904
1973 1976
753 841
1092 1871
951 1432
130 1460
1661 1771
654 810
322 1906
881 2081
294 353
80 479
1433 1771
1905 2082
1057 1531
1108 1434
986 1548
1368 1709
1465 1905
541 543
1109 1867
42 1516
1593 1642
1924 1980
1420 1458
1744 1850
365 931
382 1430
1159 1868
71 565
1093 1245
726 1100
1608 1907
500 1152
1980 2062
504 1232
312 1589
1443 1904
324 1620
485 1395
1580 1656
346 1411
262 1000
738 1351
923 1139
1739 1834
1579 1886
377 682
147 1160
525 1820
143 1608
55 2060
550 632
594 1928
930 1597
1304 1655
1247 1964
1085 1628
650 1749
166 425
869 1257
347 1641
1582 1746
699 1347
797 1172
475 966
1632 1990
135 1761
398 734
177 1885
900 1065
1513 1849
1306 1590
178 763
170 1235
1473 1919
1168 1771
184 352
1108 1291
1384 1963
