100
936 1017
1397 1673
803 1648
1399 2033
316 592
1905 1910
1100 1335
244 1668
1075 1635
1242 1443
818 1871
648 1073
744 1051
551 1151
1966 2049
1372 2084
1737 1759
721 1978
321 1708
1947 2100
574 1981
1137 1392
1841 2027
1345 1558
1574 2098
1088 1381
527 1634
424 1976
1233 1263
796 1242
86 484
1059 1654
1600 1674
823 1220
1955 1986
176 793
1497 1699
575 1554
1279 1448
799 1453
1342 1729
376 910
1478 1817
966 1295
1592 2016
991 1464
1729 1982
706 1348
127 925
1539 1902
952 1467
1690 1771
141 1404
1694 1759
1830 2007
771 1819
29 1522
1212 1564
1904 2021
917 1196
1358 1793
720 1657
1862 1948
446 1344
497 833
695 1013
715 1971
931 1504
838 1370
489 2014
1671 2089
55 2048
791 1894
1611 1740
299 584
369 1181
1391 1459
508 1049
647 1622
545 810
1494 1795
1474 1779
851 1416
1066 1977
300 1175
1118 1319
84 439
1739 1773
379 538
1800 2065
1669 1752
1069 1875
432 930
1486 1953
43 1473
599 1739
1328 1614
1938 1949
1728 2035
355 1441
