200
3649 3984
1536 3483
1748 2454
3558 3796
782 2181
3214 3532
3599 4107
1165 3079
1324 4025
3193 3875
3733 3928
660 2589
1565 3910
1913 4084
713 2269
556 2934
3356 3510
1570 3568
2229 3158
1006 3891
2018 3929
3578 3839
3261 3359
2278 3989
1869 4044
2637 2747
3233 3632
3727 3796
2238 4153
2374 2905
637 936
3415 3975
3020 3459
483 2363
3613 4021
441 866
479 2004
1023 2546
2057 3986
3336 3542
1427 3780
255 640
2965 3378
3537 3816
1231 2821
3176 3491
2585 3380
2047 3945
856 2956
635 1239
510 1324
343 3256
793 3714
3083 3524
1533 3562
1027 4177
3938 4038
2931 3081
2376 3752
1298 3203
2841 3081
917 2071
961 3296
2125 2535
2368 2851
2388 2825
247 4194
887 3026
3537 3967
2601 2904
981 1001
2331 2734
1265 2189
2475 3968
1722 3702
3215 3986
1996 2145
2225 3026
2526 3744
3430 3813
2586 2982
3997 4059
3207 4128
933 1049
1779 2569
941 4199
1163 3023
2266 3213
2868 3551
2836 3279
3084 4169
3099 3643
352 3518
3898 3922
1177 1454
1736 2980
2685 3527
1519 1583
2241 3152
2162 2217
2160 2580
1382 2695
2530 3984
1913 3321
3110 4030
1647 2262
2813 4005
1687 3864
339 1168
2244 2468
1073 1893
1300 2501
3198 3796
2914 3694
1813 2294
3186 3436
1915 3617
2283 3320
1168 3468
3810 4161
605 4171
2113 3243
2478 2890
1368 2228
481 739
174 4130
997 1677
2685 2712
500 1191
1166 4141
3932 4184
817 3381
328 1218
626 3583
2913 3109
3186 3656
1455 2375
1398 1843
3169 3966
2132 3524
3225 4189
842 1810
2795 4116
3824 3885
2138 2927
264 617
3963 4076
187 3422
2875 3090
2939 3104
630 4140
2531 3060
1039 1870
3077 3562
1494 3629
3950 4144
1939 2558
3384 3675
1215 3542
682 847
2781 3293
2038 3553
1433 4116
2423 3036
3708 3817
2938 3814
2266 3121
3162 3300
3894 4138
850 1247
1707 2185
3871 4180
2278 3819
2988 3568
2101 3309
3544 3630
2335 2560
2450 4168
2079 2552
861 2239
636 1816
18 2003
66 3995
1994 3140
563 3053
176 2220
752 2590
3635 4037
3045 3536
2177 3329
765 3372
1641 4187
3735 3923
1310 3540
2596 3622
1455 2159
735 3574
3715 3755
521 2681
453 1052
