1000
7354 15242
19415 19679
11849 18525
10744 13895
19072 20365
13952 18811
14758 20928
14603 20606
11811 18518
1213 12569
9044 15458
3646 10849
5660 8616
5202 5881
16051 20666
2590 8900
17452 20928
14812 17418
19527 20632
15713 17146
3482 13390
9429 16600
199 3715
8547 18118
9295 17216
9900 10321
150 11507
7043 13631
6241 17586
6522 7234
9364 9563
19792 20045
12470 20506
12975 16123
5808 20650
7097 11343
8032 15997
4927 11123
4040 5688
16038 16967
6974 7883
1336 19812
4907 7623
4332 13040
14729 15410
17177 18181
19627 19872
15821 19983
7392 12700
13144 19631
5457 5652
14230 18373
815 11129
15571 15886
12232 13892
9322 11260
5658 14249
6366 16056
1682 2089
357 15490
17505 17806
16457 18070
14435 17618
1030 16441
11962 18910
2270 5202
6908 14097
9390 13067
12735 13844
19469 20986
3736 16660
5018 6400
3232 14589
12107 19816
7546 8404
15027 20533
10763 15410
13008 17376
7259 16675
11991 18047
19595 20574
9608 16576
13736 20510
3775 12804
3637 4892
14970 16285
13066 17106
5940 10222
8441 11641
15826 20617
13566 14929
9679 18907
14675 19614
7285 17894
5584 12116
8269 11080
1174 18960
1645 11706
6707 20521
1556 7685
4983 12416
18064 18361
2517 17176
7789 11881
6882 20211
6206 15133
15499 20376
3581 11082
184 16781
8130 11516
6144 10745
3379 6992
19165 19287
15799 16326
6534 10782
11799 14594
5994 10730
9995 17758
12002 12955
7050 12027
16447 20579
13430 18755
1802 12863
935 2465
15964 18350
12680 20423
1566 8148
16297 19733
5910 13441
11583 18345
5106 11461
18998 20978
4632 18471
17024 17063
3824 11447
17695 18461
17168 19248
15856 20479
8457 19459
2115 10677
1530 7982
4141 16877
4012 16803
2651 4814
2380 8300
852 9176
15776 16892
10104 14116
9821 20010
5081 11244
3622 11586
16702 19902
7438 17501
17405 19235
18065 19388
3894 5845
18576 20850
2911 9153
16294 20379
16898 17209
12664 17734
14987 16603
18925 19887
907 17227
12828 16856
3353 10915
17922 20606
6908 16830
11178 20603
16012 18564
12425 13164
13211 18654
7719 17943
19538 20873
2572 18923
16259 20653
12072 15731
8949 16755
9016 16611
2709 4140
17307 19859
6008 17827
14497 15411
14820 16753
9510 14132
2907 16733
512 14943
8230 14199
8435 15860
263 16058
7824 16380
17197 20369
2200 3533
17425 19273
13919 19446
15558 20292
5077 5235
15571 18462
12453 20396
15280 18192
167 1201
8241 20016
5675 9202
12367 20805
5144 5188
12828 16785
3615 18641
10105 18264
1913 19451
12194 17173
4247 10493
827 3870
12769 15628
11703 19024
3803 16845
97 18635
12171 18366
10067 20780
2804 9975
6796 14171
5051 11819
2438 20262
561 12853
5038 7213
19462 20227
13353 16336
1621 7252
14581 18957
7055 15346
14398 15800
491 17476
7482 14208
1420 4260
4998 20824
14160 15618
12312 19908
14909 20878
3653 14278
1893 16105
13116 20818
15061 15633
3536 18254
5429 17180
8119 20985
17523 20339
9085 15802
2242 16357
11447 18952
780 15072
19890 20925
19154 20794
2802 15153
11499 12247
17811 17829
8012 15771
7905 8355
3326 16471
17265 18477
9826 17767
15963 17850
3299 8821
11519 16315
7216 13570
14383 17587
699 17132
11304 15511
6541 20283
3502 8265
8172 18614
19023 20048
8976 19123
12570 19343
2166 7305
15541 20266
8707 14352
13047 15304
330 5489
9721 11345
8124 17440
5413 5479
7742 10098
10010 16429
18812 19360
17788 19904
17722 17753
14662 18322
12006 12045
9804 11950
4557 18696
19107 19962
11120 17491
15698 18015
18388 20288
13053 17429
7898 10210
9382 11975
1189 16651
8662 9379
17477 17866
3591 4757
6862 14373
11578 14440
11263 17467
10470 12433
16547 16785
18903 20234
15084 16108
6145 18613
7333 8572
117 2079
2826 19350
18411 19513
9535 16115
6165 10734
17101 20822
12525 18613
128 16543
11097 11316
14224 20387
15095 19971
16441 17610
3466 16269
4238 4671
11980 13448
7060 12776
8285 10594
13553 20489
15333 18075
18285 20965
17054 17177
11177 15756
3659 3752
13164 18211
3629 20844
14816 18133
5789 11633
11346 19759
5961 8333
6947 14405
7311 16745
18197 20753
16550 16618
17572 20192
3453 14618
312 13800
6215 6477
7429 9854
6235 7127
8727 19729
2246 6055
10216 18907
19522 20856
3598 16807
6461 11983
7665 20346
11832 17445
4134 6242
19261 20729
11107 11546
7657 8270
15480 17134
18820 20358
10715 19496
16437 18240
11631 18599
13277 17660
14372 19037
15604 17590
4797 5506
817 1710
7820 12797
18865 20605
2737 2880
4482 19207
3469 17571
18789 19290
7399 9823
18175 19448
874 17881
3567 4323
4378 5504
13735 20772
11300 12043
9281 14838
13590 14396
15526 18667
12555 19755
9952 15037
9707 12413
3415 7878
12630 13348
17324 20237
1203 19849
18344 20930
17062 17133
7089 18212
13518 14831
1286 11452
5750 7886
1322 20930
13481 18799
293 888
19382 19999
17755 20990
2766 5354
11467 14698
16682 17757
7295 15723
17175 19967
3770 18066
625 4798
16817 18733
4375 20010
13365 15094
11314 17973
18103 19162
13868 17957
4508 8549
19093 20680
17875 20295
8321 16677
7869 16994
6608 11757
3502 12559
14488 15833
4541 18760
12670 13984
14439 17021
8230 18396
13302 16500
17470 18413
13604 19676
1192 3230
5983 17033
240 18968
3778 15653
14734 19399
121 18973
4627 19281
34 4325
8995 20706
19555 20643
3567 18614
13082 14097
5210 15272
17296 18227
6907 9400
8094 17573
17723 18353
12804 15773
10919 16825
3934 15091
7838 9074
15218 20307
15981 17512
4869 14689
19694 20746
6411 17982
16424 18389
3881 15809
6649 17524
15791 18699
14782 18471
12046 13297
5836 13450
14860 16813
2104 13569
135 7065
18806 19552
9752 10744
2988 20495
9293 19935
7470 17302
4979 19609
6420 20051
18506 19489
3277 14018
18963 19066
14715 17100
4031 15212
17446 20852
9232 17990
15817 20468
2414 12281
11903 20959
6539 14663
15940 16152
11272 18955
11846 16162
1017 17728
4884 13007
14299 15041
310 1201
3661 16964
16210 19168
18 13428
1680 9112
2583 11664
17714 19206
15161 19270
6457 11369
9458 17401
6875 7796
12584 19188
407 16878
8762 10835
9362 20475
6349 19289
16834 19457
18303 20310
16362 17513
1635 15083
11754 13172
18858 20640
1046 5712
17372 18472
8687 18394
6103 14966
3391 19469
6373 9842
18015 18914
3964 6242
11350 16160
12014 16270
12619 19772
19859 20946
2683 15855
3703 16526
8032 8789
19323 20470
18905 20125
664 18548
10506 18955
569 10199
13108 19784
14245 20389
19207 20924
89 16526
17035 20389
5847 9465
2827 17673
15894 18623
8915 18982
4332 13889
7766 13911
1195 18291
2024 14567
5898 11835
11608 16133
15490 17156
13651 16201
5773 9650
3788 15134
7638 8380
14595 17697
11710 12387
9451 10855
18931 19590
9488 18072
1878 9428
590 17050
14862 15780
2966 4086
4846 17229
5784 9822
11460 11822
14284 15078
1929 20221
11328 11330
5432 6264
19216 19309
8027 14393
13228 17756
17549 20324
4761 20523
18297 18381
12964 17829
5900 20370
16187 19608
12027 19129
5140 15134
2931 6585
18260 19975
10876 16206
18718 18727
17785 20150
2021 15531
18797 20975
6306 18010
8795 11447
17864 19504
9631 17270
3595 11276
13835 17150
2915 7877
19038 20691
18992 20343
7233 14495
14430 19034
5652 7128
13811 19206
15092 20390
8184 15244
16181 19713
1394 3553
344 18124
1208 5167
19023 20235
12067 17017
9768 15555
10123 16123
17824 18694
6311 18456
3059 9469
15337 19482
13084 14189
2678 4638
3806 20010
17615 19433
17600 20238
11221 12684
6028 7605
338 13275
17305 20898
16716 18389
14253 19850
3117 11821
1750 7750
16042 17250
18533 20497
11751 17145
7424 10583
18496 20461
6353 14196
7859 10496
2069 4237
12113 19779
15776 20853
8854 18177
5594 13907
4385 9779
4495 19455
4824 19979
6888 7389
3207 9114
17375 17879
19213 20592
15062 15358
19670 20127
16212 16925
7179 12166
17947 19046
18645 20492
14744 16053
3756 11877
2288 4956
10520 13009
2418 7440
4802 15967
7078 15857
1551 2365
4265 13599
16831 19643
2857 19683
19632 19821
12684 20677
4643 18546
19890 20941
6178 7514
16013 20260
3386 5364
10667 16586
9188 17970
6157 8436
3191 4548
12123 17058
14557 14750
7347 19792
16815 18044
3600 14666
3925 12093
1940 9622
2895 15676
1747 11176
704 14219
8313 9257
9015 20181
18859 20788
17259 18393
11493 12518
7332 20779
7195 18743
8412 19170
18225 18875
9687 15546
19387 20888
16803 19241
10205 18662
16510 17329
1545 14590
10776 18581
15759 18120
5645 19141
7887 18430
19537 20561
13960 18882
10174 17364
18979 20504
12991 16046
18575 19450
6836 7625
17171 20672
12636 16351
18357 19658
14281 17606
16173 17157
9520 14367
14261 16939
17902 18035
1352 3102
8039 17758
15199 17879
15173 15916
16326 20352
15514 19547
5463 15003
14632 16132
15100 19695
6800 13432
8811 20673
2708 11505
10833 19140
15629 16590
15479 18050
6759 14499
1662 10792
5802 6538
16384 19521
16038 20984
17960 19177
4705 18340
9607 11438
16486 19056
1572 13027
5857 7274
5121 9124
11954 13263
4116 19887
1712 8792
13282 20393
3148 18500
1719 7544
18802 19378
11035 11300
14178 18401
4569 20766
8805 13704
518 2258
16113 17489
1934 18507
18742 20995
14782 18052
15747 20658
11528 13091
2891 10882
5272 8861
9116 18743
18551 18949
6638 14918
1056 2315
11701 13698
11699 17452
14700 17254
8848 8938
18958 19926
16554 18272
18196 18704
6877 7638
2217 8605
19911 20629
2020 12965
18664 19997
3000 12165
280 6633
10155 17655
13076 20921
3321 3432
6796 18577
14036 14625
19591 20487
16387 17448
636 980
18485 19848
8797 9600
7900 16242
18201 20482
14694 18010
3397 13902
8329 15844
2430 5883
18158 19233
12488 17803
12103 16308
5070 16482
16506 20197
17353 19616
10647 14742
4776 20791
1505 15589
9918 15651
19621 20357
10651 11739
9544 19063
10617 12617
19175 20697
10462 11118
19445 20723
18389 20788
11755 11779
9617 10974
19540 19841
10545 17392
2634 9915
2900 19712
7567 20308
13121 20084
13344 20417
10612 18375
13075 13487
1507 12553
12495 13680
8172 17778
4528 20522
12926 16176
2191 8976
3547 12368
6875 12525
18138 20540
7138 7607
1175 10461
135 16676
8726 20200
8228 17457
16914 18904
17794 18461
5513 7892
9600 12391
11289 14992
5126 18102
4007 13697
1027 16403
2527 11911
18518 19551
646 2015
9925 15941
8514 16371
16138 19848
17351 17777
15541 20553
1393 16347
16666 18332
3899 9906
1379 9168
4490 12422
13641 17079
13765 14198
13767 14901
12342 18099
4921 15474
2078 19270
2428 4367
727 4337
6160 16438
16332 17130
15371 16908
14809 15293
15119 19079
18048 19400
19059 19584
10345 15108
11336 20682
3820 16902
18806 19441
1600 15096
12163 16955
3396 6099
16325 20546
14537 20227
15241 18098
2003 19491
19388 20794
16465 17453
19589 19606
15496 20336
4941 16104
14678 19128
12113 13498
359 2977
377 1101
15122 19415
3302 10950
18671 19205
14549 19543
11990 16332
9069 11848
5730 13026
13778 17723
4205 16034
14180 19937
1755 15883
5099 18038
15880 19389
7850 20884
2084 17192
7017 14520
13674 19924
7352 9869
17314 20581
4330 7061
16640 20891
4098 20990
14093 17572
8868 16375
4783 16026
4253 8806
4913 5574
1731 12216
3893 4395
17356 19604
17069 17303
2922 18437
19196 19827
590 20225
17270 18627
9733 18475
14206 19585
3031 9204
17426 17637
2075 8321
10842 19468
10426 20512
15736 19349
852 9845
4213 13202
13988 18781
15752 20942
11857 19344
4368 11968
12833 15276
8797 17763
9249 13861
4517 19100
8944 16159
3283 10084
7788 18810
7358 10254
3385 16379
2908 8257
18431 20957
10966 12762
16754 16762
6313 18899
19900 20380
11511 15426
11679 20051
2976 13948
12286 14008
4063 4900
12137 16000
15968 17356
19942 20877
13225 17036
11883 12090
105 258
14380 17633
598 8508
18191 18821
19061 19174
10852 16438
13794 15757
13495 19140
3426 5698
4917 15769
11005 16109
14228 18404
16630 20713
188 15155
18318 20719
18896 18967
4271 13531
14067 15273
8651 14481
6264 12299
4437 11317
10725 18673
10212 10746
4428 11627
2413 3448
14797 15431
19505 20265
